aarhus 0 0.7782
ab 8 0.7782
abandon 9 0.7782
abandoned 1 0.7782
abbas 2 0.6021 7 0.6021
abbot 3 0.7782
abdel 6 0.6021 7 0.6021
abducted 2 0.8484 3 0.6207 4 0.7048
abduction 0 0.3010 1 0.3010 2 0.3010 3 0.3010 5 0.3010
abdullah 1 0.6021 8 0.6021
abdulmutallab 1 0.7833 9 0.6021
abdulmutallah 6 1.0124
abdurrahman 7 0.7782
aberdeen 4 1.0124
abilities 4 0.3802 5 0.3802 7 0.3802 8 0.3802
able 0 0.2341 1 0.2341 3 0.2341 6 0.3458 7 0.3045 9 0.3045
about 0 0.0605 1 0.0719 2 0.0558 3 0.0697 4 0.0771 5 0.0672 6 0.0719 7 0.0697 8 0.0771 9 0.0756
above 0 0.3010 1 0.3010 6 0.3010 7 0.3010 9 0.3010
abroad 5 0.7782
absence 3 0.7782
absolutely 0 0.4771 1 0.4771 2 0.4771
abu 2 0.2341 3 0.3458 4 0.2341 5 0.2341 7 0.2341 8 0.2341
abundance 1 0.7782
ac 4 0.7782
accepts 4 0.7782
access 0 0.6021 1 0.6021
accident 4 0.7048 5 0.4771 9 0.4771
acclaimed 4 0.7782
accompanied 2 0.6021 3 0.6021
accord 2 0.3010 3 0.3010 4 0.3010 5 0.3010 7 0.3010
accordance 4 0.7782
according 0 0.0378 1 0.0492 2 0.0605 3 0.0558 4 0.0558 5 0.0558 6 0.0642 7 0.0492 8 0.0642 9 0.0719
account 9 0.7782
accountability 2 0.1761 3 0.2291 4 0.2291 5 0.2601 7 0.1761 8 0.1761 9 0.2291
accountable 2 0.2601 3 0.1761 4 0.2291 5 0.2291 7 0.2601 8 0.2992 9 0.2291
accra 3 0.7782
accusations 1 0.3010 2 0.3916 5 0.3010 7 0.3916 8 0.4823
accused 0 0.0492 1 0.0378 2 0.0492 3 0.0605 4 0.0642 5 0.0642 6 0.0558 7 0.0492 8 0.0558 9 0.0605
accusing 4 0.7782
ace 5 0.7782
achieved 3 0.6021 8 0.6021
acknowledged 3 0.4771 6 0.6207 9 0.6207
acquiring 4 0.7782
across 0 0.1030 1 0.1030 2 0.0792 4 0.1030 5 0.0792 6 0.1269 7 0.1170 8 0.0792 9 0.0792
act 1 0.1845 2 0.1249 4 0.1249 5 0.1625 6 0.1625 7 0.1845 8 0.2002 9 0.1845
acting 6 0.7782
action 1 0.2341 2 0.2341 5 0.3045 6 0.3045 8 0.2341 9 0.3045
active 8 1.0124
activist 9 1.1494
activists 9 0.7782
activities 3 0.4771 4 0.4771 9 0.4771
acts 7 0.7782
add 0 0.4771 2 0.4771 4 0.4771
added 0 0.0605 1 0.0378 2 0.0719 3 0.0672 4 0.0558 5 0.0605 6 0.0771 7 0.0697 8 0.0719 9 0.0697
adding 1 0.3010 4 0.3010 5 0.3916 8 0.3916 9 0.4447
addition 0 0.7782
additional 1 0.6021 6 0.7833
additions 1 1.0124
address 0 0.4771 1 0.4771 6 0.4771
aden 1 0.6207 8 0.4771 9 0.4771
administered 3 0.7782
administration 7 0.7782
administrative 4 0.7782
administrator 3 0.7782
admitted 2 0.6021 8 0.6021
adopted 1 0.7782
adrian 0 0.7782
adrift 5 0.7782
advance 4 0.7782
advanced 9 0.7782
advantage 5 0.6021 7 0.6021
adventure 5 0.7782
adversary 4 0.7782
adverse 7 0.7782
advice 2 0.4771 7 0.4771 8 0.6207
advised 9 0.7782
adviser 6 0.7782
advisor 1 0.3802 2 0.3802 6 0.3802 9 0.3802
advisories 1 1.0124
advisors 1 0.7782
advisory 2 0.3010 3 0.3010 5 0.3010 6 0.3010 7 0.3010
advocated 9 0.7782
affected 3 0.7782
affiliate 8 0.7782
affixed 2 0.4771 6 0.4771 9 0.4771
afflicting 1 1.0124
afflicts 2 0.4771 6 0.4771 9 0.4771
afford 3 0.7782
afghan 0 0.1170 1 0.1030 2 0.1408 3 0.1547 4 0.1584 6 0.1030 7 0.0792 8 0.0792 9 0.1461
afghanistan 0 0.0792 1 0.1345 2 0.1269 3 0.1584 4 0.1461 6 0.1547 7 0.1170 8 0.1345 9 0.1269
afghans 8 0.7782
afoot 1 0.7782
afp 0 0.0906 1 0.0833 2 0.0892 3 0.0906 4 0.0892 5 0.0843 6 0.0878 7 0.0899 8 0.0870 9 0.0919
afptv 1 1.0706 5 0.7833
afr 3 0.7782
africa 0 0.2341 1 0.3977 4 0.3977 6 0.2341 7 0.2341 8 0.3750
african 0 0.1761 1 0.3971 3 0.2821 5 0.1761 6 0.2291 7 0.1761 8 0.2291
after 0 0.0885 1 0.0843 2 0.0852 3 0.0811 4 0.0843 5 0.0878 6 0.0913 7 0.0885 8 0.0738 9 0.0786
afterwards 4 0.7782
again 0 0.2341 3 0.2341 4 0.3458 5 0.3045 6 0.3458 9 0.3045
against 0 0.0672 1 0.0642 2 0.0811 3 0.0843 4 0.0870 5 0.0861 6 0.0558 7 0.0833 8 0.0892 9 0.0811
aged 5 0.6021 7 0.6021
agencies 1 1.0124
agency 0 0.0378 1 0.0558 2 0.0672 3 0.0492 4 0.0378 5 0.0378 6 0.0378 7 0.0558 8 0.0642 9 0.0378
agenda 0 0.3802 1 0.5616 3 0.3802 4 0.3802
agents 2 0.3010 3 0.3010 4 0.3916 6 0.3010 9 0.3916
aggression 1 0.4771 2 0.6207 5 0.7048
aggressive 4 0.6021 9 0.6021
ago 0 0.3045 1 0.3458 2 0.2341 3 0.2341 4 0.3750 5 0.3458
agreed 2 0.3802 3 0.3802 6 0.3802 9 0.3802
agreement 0 0.3802 1 0.3802 5 0.3802 6 0.5616
agriculture 4 0.7782
ahead 1 0.4947 4 0.5616 5 0.6091 7 0.3802
ahmad 2 0.7048 7 0.6207 8 0.7048
ahmadinejad 2 0.8803 7 0.8803 8 1.0086
ahonen 5 0.7048 6 0.7048 7 0.6207
aid 1 1.0124
aides 1 0.7782
aiding 3 0.7782
aim 6 0.6021 8 0.6021
aimed 0 0.1761 1 0.1761 3 0.2291 5 0.1761 7 0.1761 8 0.1761 9 0.2291
aiming 2 0.3802 5 0.3802 6 0.3802 9 0.3802
aims 1 0.4771 6 0.6207 8 0.4771
aino 4 1.1494
air 0 0.3458 1 0.3977 3 0.2341 4 0.3458 6 0.3045 9 0.2341
aircraft 0 0.3045 2 0.3045 3 0.2341 5 0.3045 7 0.2341 9 0.2341
aires 4 0.7833 5 0.7833
airline 6 0.6021 9 0.6021
airliner 1 0.4947 2 0.3802 6 0.5616 7 0.3802
airlines 1 1.2466
airplane 6 0.7782
airport 1 0.4771 6 0.4771 9 0.7048
airports 2 0.4771 6 0.6207 9 0.7048
airship 1 0.7782
airspace 2 0.8893 5 0.8893
airstrikes 0 0.6021 1 0.6021
aiyegbeni 0 0.7782
aiyenugba 0 0.7782
akmal 7 0.7782
al 0 0.0605 1 0.0799 2 0.0642 3 0.0697 4 0.0642 5 0.0756 6 0.0811 7 0.0697 8 0.0605 9 0.0697
alamolhoda 2 0.7782
alan 0 0.3010 1 0.3010 2 0.3010 5 0.3010 8 0.3010
alarm 6 0.6021 9 0.6021
alastair 8 0.7782
albeit 3 0.7782
alberto 4 0.7782
alcohol 6 0.7782
alec 0 0.4771 1 0.4771 5 0.4771
aleem 9 0.7782
alert 0 0.1030 1 0.0792 2 0.0792 4 0.0792 5 0.0792 6 0.0792 7 0.0792 8 0.1030 9 0.1030
alex 2 0.6021 4 0.6021
alexander 4 1.1494
alexeeva 8 1.3221
algarve 4 1.0124
algeria 4 0.7782
ali 1 0.0792 2 0.1269 3 0.0792 4 0.1269 5 0.0792 6 0.0792 7 0.1345 8 0.1408 9 0.0792
alive 2 0.7644 3 0.7048 4 0.7644
aljona 5 0.7782
all 0 0.0738 1 0.0558 2 0.0492 3 0.0756 4 0.0719 5 0.0697 6 0.0642 7 0.0642 8 0.0697 9 0.0738
allegations 0 0.3010 1 0.3010 2 0.3916 3 0.3010 5 0.4823
alleged 1 0.2601 2 0.2601 3 0.1761 5 0.2601 6 0.2601 7 0.1761 9 0.2291
allegedly 1 0.6021 8 0.6021
alleys 8 1.0124
allianz 9 1.0124
allied 0 0.3010 1 0.3010 3 0.3010 6 0.3010 7 0.3010
allies 0 0.4771 4 0.4771 9 0.4771
allocate 2 0.6021 7 0.6021
allow 6 0.7782
allowed 1 0.6021 6 0.6021
allows 2 0.6021 5 0.6021
allusion 2 0.4771 7 0.4771 8 0.6207
almaty 9 0.7782
almeria 0 0.7782
almost 1 0.3916 2 0.3010 4 0.3916 6 0.4447 9 0.3916
alone 6 1.0124
along 0 0.2341 3 0.2341 4 0.3045 5 0.2341 8 0.2341 9 0.3045
alongside 4 0.4947 5 0.3802 7 0.3802 8 0.3802
alpine 3 1.0124
already 0 0.3802 5 0.3802 6 0.3802 9 0.4947
also 0 0.0672 1 0.0756 2 0.0756 3 0.0738 4 0.0786 5 0.0799 6 0.0786 7 0.0738 8 0.0672 9 0.0738
although 0 0.4771 6 0.4771 8 0.4771
alviro 8 0.7782
always 1 0.7833 2 0.8893
am 2 0.1845 3 0.1625 4 0.1845 5 0.1845 6 0.1249 7 0.2222 8 0.2002 9 0.1625
amani 8 0.7782
ambassador 2 0.6021 5 0.6021
ambition 1 0.4771 6 0.4771 9 0.4771
ambitions 6 0.7782
ambitious 0 0.1761 1 0.1761 3 0.1761 6 0.1761 7 0.2291 8 0.1761 9 0.1761
ambush 2 0.6021 3 0.6021
ambushed 3 0.4771 6 0.4771 7 0.4771
amendments 1 1.0124
america 0 0.3010 1 0.3916 4 0.3010 5 0.3010 6 0.3010
american 0 0.0792 1 0.1030 2 0.1170 3 0.1345 4 0.1030 5 0.1345 6 0.0792 7 0.1030 8 0.0792
americans 0 0.0378 1 0.0378 2 0.0378 3 0.0378 4 0.0378 5 0.0378 6 0.0378 7 0.0378 8 0.0492 9 0.0378
americas 1 0.7833 7 0.6021
amid 0 0.1761 1 0.1761 2 0.1761 5 0.1761 6 0.1761 7 0.1761 9 0.2291
amla 8 0.7782
amman 0 0.4771 4 0.6207 5 0.4771
ammann 5 0.7048 6 0.7048 7 0.4771
ammunition 6 0.7833 9 0.7833
amodu 0 0.7782
among 0 0.0605 1 0.0492 2 0.0558 3 0.0672 4 0.0492 5 0.0672 6 0.0492 7 0.0605 8 0.0642 9 0.0558
amongst 3 0.7782
amount 6 0.6021 9 0.6021
amp 5 1.4809
amputated 9 0.7782
amsterdam 1 0.6021 6 0.7833
an 0 0.0786 1 0.0952 2 0.0885 3 0.0892 4 0.0861 5 0.0822 6 0.0892 7 0.0822 8 0.0906 9 0.0861
anaheim 0 1.0124
analysis 3 0.7782
analyst 4 0.6021 9 0.6021
analysts 9 0.7782
anand 7 0.7782
ancelotti 6 1.3221
ancestor 9 0.7782
ancestral 6 0.7782
ancient 6 0.6021 9 0.7833
and 0 0.1135 1 0.1172 2 0.1107 3 0.1148 4 0.1135 5 0.1111 6 0.1145 7 0.1165 8 0.1169 9 0.1169
anders 6 0.7782
anderson 8 0.7782
andreas 5 0.4771 6 0.7048 7 0.4771
andress 0 1.0124
andrew 1 0.6021 8 0.6021
andrey 4 0.7782
andy 7 0.6021 8 0.6021
angeles 0 1.1109 1 0.6021
angelus 9 1.0124
anger 0 0.1249 1 0.1249 2 0.1625 3 0.1625 4 0.1625 5 0.1625 7 0.1249 8 0.1249
angered 1 0.4771 2 0.4771 7 0.4771
anglican 7 0.7782
anglicans 6 0.6021 7 0.6021
angola 0 0.3802 1 0.7430 3 0.3802 4 0.3802
angolan 1 0.7782
angolans 1 1.0124
angra 0 0.6021 6 0.6021
angrily 9 0.7782
angry 2 0.6021 3 0.6021
anh 6 0.7782
animals 1 0.6021 3 0.7833
ankara 9 0.7782
anniversary 5 0.7782
announce 2 0.4771 7 0.4771 8 0.6207
announced 2 0.3802 3 0.3802 4 0.3802 7 0.3802
announcement 6 0.7782
annual 2 0.1625 3 0.1625 4 0.1249 5 0.1625 6 0.1249 7 0.1249 8 0.1249 9 0.1625
anonymity 0 0.1761 1 0.2291 3 0.1761 4 0.2291 6 0.1761 7 0.2601 9 0.2291
another 0 0.0558 1 0.0378 2 0.0492 3 0.0378 4 0.0378 5 0.0378 6 0.0378 7 0.0378 8 0.0378 9 0.0672
anp 5 1.0124
ansar 3 0.4771 6 0.4771 7 0.4771
anti 0 0.2291 1 0.2821 2 0.1761 3 0.2601 6 0.2601 7 0.2821 8 0.1761
antilles 2 0.7833 5 0.6021
anwer 0 0.3802 1 0.3802 3 0.3802 6 0.3802
anxiety 8 1.0124
any 0 0.0558 1 0.0558 2 0.0605 3 0.0558 4 0.0558 5 0.0672 6 0.0378 7 0.0378 8 0.0605 9 0.0605
anyone 3 0.6021 9 0.6021
anything 0 0.2341 1 0.2341 2 0.2341 5 0.2341 7 0.2341 8 0.3045
anyway 3 0.7782
anywhere 5 0.7782
apam 0 0.7782
apartheid 1 0.7782
apartment 4 1.0229 9 0.6021
appalled 7 0.7782
apparent 0 0.7782
apparently 9 0.7782
appeal 2 0.6021 3 0.7833
appealed 0 0.3802 1 0.4947 8 0.3802 9 0.5616
appear 2 0.3802 3 0.3802 4 0.3802 9 0.3802
appearances 0 0.7782
appeared 0 0.7048 6 0.4771 9 0.4771
appearing 5 1.0124
appears 8 0.6021 9 0.7833
appointed 6 0.7782
appreciated 4 0.6021 9 0.6021
appreciation 2 0.4771 7 0.4771 8 0.6207
approved 3 1.0124
approximately 3 0.7782
april 4 0.7782
aqap 1 0.7782
arab 1 0.3802 2 0.3802 3 0.3802 7 0.3802
arabian 1 0.7782
archbishop 6 0.6021 7 0.6021
architects 1 0.7782
are 0 0.0642 1 0.0931 2 0.0852 3 0.0719 4 0.0892 5 0.0811 6 0.0672 7 0.0786 8 0.0843 9 0.0811
area 0 0.1030 1 0.1170 2 0.1170 3 0.1170 4 0.0792 5 0.1030 6 0.1170 7 0.1408 8 0.1345
areas 1 0.3010 3 0.3010 6 0.3916 8 0.3916 9 0.3010
argentina 3 0.4771 4 0.4771 5 0.7048
argentine 0 0.7782
arianna 4 1.0124
arid 5 0.7782
arising 7 0.7782
armed 0 0.3045 2 0.3045 6 0.3045 7 0.2341 8 0.3045 9 0.3750
armoured 2 0.1761 3 0.1761 4 0.2291 5 0.1761 7 0.1761 8 0.1761 9 0.2291
army 0 0.0492 1 0.0558 2 0.0558 3 0.0492 4 0.0378 5 0.0492 6 0.0378 7 0.0558 8 0.0558 9 0.0492
around 0 0.1269 1 0.1507 2 0.1269 3 0.1269 4 0.1030 5 0.1030 6 0.1616 8 0.0792 9 0.1461
arrangements 6 0.6021 9 0.7833
arrest 8 1.1494
arrested 2 0.2341 3 0.2341 4 0.2341 7 0.2341 8 0.4455 9 0.2341
arrests 2 0.3802 4 0.3802 7 0.3802 8 0.5616
arrival 6 0.7782
arrive 8 0.7782
arrived 2 0.4771 3 0.4771 4 0.7048
arrives 0 0.4771 1 0.4771 4 0.7048
arriving 5 0.7782
arsenal 4 0.7782
arsene 4 0.7782
arshavin 4 0.7782
arthur 8 1.1494
article 1 0.3802 6 0.4947 8 0.3802 9 0.3802
artisanal 1 0.7782
artist 5 0.6021 8 0.6021
arts 1 1.0124
artworks 5 0.6021 8 0.6021
aruba 1 0.4771 2 0.7048 5 0.7048
as 0 0.0870 1 0.0947 2 0.0885 3 0.0899 4 0.0936 5 0.0925 6 0.0979 7 0.0913 8 0.0931 9 0.1041
ashes 8 0.7782
ashura 2 0.4771 7 0.4771 8 0.6207
ashwell 8 0.7782
asia 7 0.7782
asian 7 0.7782
aside 6 0.6021 7 0.6021
ask 3 0.4771 4 0.6207 9 0.6207
asked 2 0.3045 3 0.2341 4 0.3458 6 0.3458 8 0.2341 9 0.3977
asking 2 0.3802 5 0.3802 7 0.3802 8 0.4947
asphalt 8 0.7782
aspires 2 0.6021 5 0.6021
assat 1 0.7782
assault 0 0.3916 1 0.3916 2 0.3916 3 0.3916 6 0.3010
assembly 2 0.4771 7 0.4771 8 0.7048
assessment 0 0.4771 1 0.6207 5 0.4771
assessments 0 0.4771 1 0.4771 5 0.4771
assets 4 0.7782
assignment 2 0.6021 3 0.6021
assist 3 0.7782
assistance 1 0.5616 4 0.3802 6 0.4947 9 0.3802
assistants 2 0.4771 3 0.4771 4 0.6207
associate 7 0.7782
associates 1 0.4771 6 0.4771 9 0.4771
association 9 0.7782
assume 6 0.7782
assumes 5 0.7782
astana 9 1.0124
astonished 2 0.2291 3 0.2291 4 0.2291 5 0.2291 7 0.2291 8 0.2291 9 0.3522
astonishment 4 0.3802 5 0.4947 7 0.5616 8 0.4947
at 0 0.1013 1 0.0957 2 0.0913 3 0.0979 4 0.0970 5 0.0899 6 0.0913 7 0.0975 8 0.0941 9 0.0919
atacama 5 0.7782
athens 9 0.7782
atlantic 9 0.7782
atmosphere 2 0.7833 4 0.6021
atmospheres 4 0.7782
atomic 2 0.6021 7 0.6021
atp 3 0.7833 7 0.6021
attack 0 0.0672 1 0.0738 2 0.0697 3 0.0843 4 0.0697 5 0.0605 6 0.0738 7 0.0738 8 0.0605 9 0.0852
attacked 0 0.7833 9 0.6021
attacker 4 0.6021 9 0.6021
attackers 1 0.7833 2 0.8893
attacks 0 0.0719 1 0.0642 2 0.0771 3 0.0719 4 0.0492 5 0.0378 6 0.0738 7 0.0697 8 0.0672 9 0.0719
attempt 1 0.4947 2 0.3802 6 0.3802 8 0.3802
attempted 0 0.4947 1 0.3802 6 0.3802 9 0.3802
attempting 1 0.7782
attend 8 0.7782
attended 1 0.3802 3 0.3802 6 0.6091 7 0.4947
attention 6 0.6021 9 0.6021
attiyah 5 1.3221
attorneys 9 0.7782
attracted 1 1.0124
attribute 7 0.7782
auckland 6 0.7782
audience 4 0.7782
august 0 0.2291 1 0.2291 2 0.1761 3 0.2601 6 0.2291 7 0.1761 9 0.1761
aus 0 0.6021 8 0.6021
austin 0 0.7782
australia 3 0.3916 4 0.3010 6 0.4447 7 0.3916 8 0.3010
australian 3 0.4771 6 0.4771 7 0.4771
austria 4 0.4771 5 0.4771 7 0.4771
austrian 4 0.4771 5 0.7048 7 0.6207
aut 6 1.6179
authorities 0 0.1845 1 0.1845 2 0.1625 3 0.1249 4 0.1625 5 0.1249 8 0.1625 9 0.1845
authority 3 0.7833 9 0.6021
automated 1 0.7782
automatic 3 0.7782
automobile 9 0.7782
aux 1 0.7782
available 3 0.7782
avalanche 0 1.0124
avenge 0 0.3010 1 0.3010 3 0.4447 5 0.3010 7 0.3010
avenging 7 0.4771 8 0.4771 9 0.4771
avenue 8 1.0124
average 0 0.7782
averted 1 0.7782
aviation 1 0.7782
aviv 0 0.6021 8 0.6021
avoid 4 0.4771 6 0.4771 9 0.4771
avril 0 0.4771 1 0.4771 5 0.4771
awaited 4 0.7782
awake 6 0.7782
awarded 1 0.7782
awareness 9 0.7782
away 0 0.6207 2 0.4771 6 0.4771
axe 8 0.7782
axel 4 1.0124
ayatollah 2 0.6207 7 0.4771 8 0.6207
ayila 0 0.7782
ayub 0 0.1625 1 0.1249 2 0.1625 3 0.1625 6 0.1249 7 0.2222 8 0.1845 9 0.1625
azimi 4 0.6021 9 0.6021

