dabbagh 2 0.3045 3 0.3045 4 0.4319 5 0.2341 7 0.3045 8 0.3045
dabrowski 5 0.7782
dahl 4 0.7782
daily 1 0.4947 3 0.3802 6 0.3802 9 0.3802
dakar 4 0.9645 5 0.7833
dale 8 0.7782
dallest 5 0.6021 8 0.6021
damaged 3 0.4771 6 0.4771 7 0.4771
damages 9 0.7782
dan 0 0.6021 6 0.6021
danger 1 0.7782
dangerous 2 1.0124
danish 0 1.2466
danny 0 1.0124
dany 0 0.7782
dar 9 0.7782
darfur 6 1.0124
dario 4 1.1494
darren 4 0.7782
darts 0 0.7782
daryl 8 0.7782
data 2 0.6021 6 0.6021
date 4 0.7782
david 0 0.1845 1 0.1249 2 0.1249 3 0.1625 5 0.1249 6 0.1625 7 0.1625 8 0.1249
davis 3 1.2466
davydenko 7 0.7782
dawn 1 0.6021 6 0.6021
day 0 0.1269 1 0.1408 2 0.1345 4 0.1170 5 0.1170 6 0.1584 7 0.1170 8 0.1170 9 0.1269
days 0 0.2821 1 0.1761 4 0.2992 5 0.1761 6 0.1761 8 0.2601 9 0.1761
de 0 0.3977 1 0.4455 4 0.4162 5 0.3750 6 0.3458 8 0.3045
dead 0 0.0697 1 0.0642 2 0.0672 3 0.0672 4 0.0492 5 0.0378 6 0.0558 7 0.0492 8 0.0642 9 0.0558
deadliest 0 0.4771 1 0.4771 3 0.6207
deadly 0 0.2291 1 0.1761 2 0.2291 6 0.2291 7 0.1761 8 0.2291 9 0.1761
deal 0 0.1170 1 0.1170 2 0.0792 3 0.0792 4 0.1030 5 0.1408 6 0.0792 7 0.1030 9 0.0792
dean 0 1.0124
death 0 0.1269 1 0.1030 2 0.1030 3 0.1030 5 0.1030 6 0.1030 7 0.1030 8 0.1030 9 0.0792
deaths 0 0.0492 1 0.0558 2 0.0738 3 0.0605 4 0.0642 5 0.0558 6 0.0697 7 0.0492 8 0.0605 9 0.0605
debate 2 0.3802 6 0.5616 7 0.3802 9 0.5616
debriefing 3 0.7782
debris 0 1.0124
debt 1 1.0124
deby 6 1.0124
dec 0 0.4823 1 0.4823 2 0.5729 8 0.3010 9 0.3916
decade 1 0.2291 2 0.1761 4 0.1761 5 0.1761 6 0.3522 7 0.2601 9 0.2601
decades 1 0.7782
deceased 0 0.7782
deceit 0 0.4771 1 0.4771 5 0.4771
december 0 0.0558 1 0.0378 2 0.0492 3 0.0492 4 0.0378 5 0.0605 6 0.0605 7 0.0492 8 0.0378 9 0.0642
decent 1 0.7782
decide 4 0.7782
decided 1 0.6021 5 0.6021
decision 2 0.2222 3 0.2442 4 0.2305 5 0.2598 6 0.1249 7 0.2222 8 0.2442 9 0.2681
decisions 0 0.3802 3 0.4947 5 0.4947 8 0.3802
decisively 5 0.6207 7 0.6207 8 0.6207
declared 2 0.6021 3 0.6021
declined 9 0.7782
decorated 4 0.7782
decorations 7 0.7782
dedicated 1 0.7782
deep 7 0.7782
deeper 6 0.7833 9 0.7833
deeply 4 0.6021 9 0.6021
defeat 3 0.7833 8 0.7833
defeated 0 0.6207 3 0.4771 6 0.4771
defeating 3 0.7782
defence 0 0.3750 2 0.2341 4 0.3458 6 0.3458 7 0.2341 9 0.3045
defenceless 6 0.6021 9 0.6021
defendants 2 0.3010 3 0.4447 5 0.5353 7 0.3010 9 0.3010
defended 6 0.6021 9 0.6021
defender 3 0.7782
defenders 0 1.0124
defending 3 0.4771 5 0.4771 7 0.4771
defense 0 0.7782
defenseman 0 0.7782
defensemen 0 1.0124
defenses 3 0.7782
defensive 4 1.0124
deference 6 0.7782
definitely 6 0.6021 9 0.6021
degas 5 0.7833 8 0.7833
degrees 9 0.7782
delapidated 1 0.7782
delayed 9 0.7782
dele 0 0.7782
deliberately 6 0.6021 9 0.6021
delighted 0 0.6021 1 0.6021
delivered 0 0.6021 4 0.6021
delivers 0 0.6021 1 0.6021
delta 1 1.0124
demand 2 0.4771 7 0.4771 8 0.6207
demanded 1 0.7782
demanding 8 0.7782
demands 2 0.6207 7 0.6207 8 0.7644
demo 9 0.7782
demobilising 8 0.7782
democracy 1 0.3802 2 0.4947 6 0.4947 9 0.3802
democratic 2 0.2341 3 0.3750 5 0.3045 7 0.2341 8 0.3045 9 0.3045
democratically 6 0.7782
demonstration 8 0.6021 9 0.6021
demonstrations 2 0.4771 7 0.4771 8 0.6207
demonstrators 8 0.6021 9 0.6021
demoted 0 0.7782
demre 9 1.2466
denied 0 0.2341 1 0.2341 4 0.3045 5 0.2341 8 0.3045 9 0.3458
denigration 8 0.7782
denis 1 0.6021 4 0.6021
dennis 0 0.4771 1 0.4771 5 0.4771
denounce 5 0.7782
densely 0 0.7782
deny 0 0.4771 1 0.4771 6 0.6207
department 2 0.2601 3 0.3441 4 0.2821 5 0.2821 7 0.2601 8 0.2291 9 0.2601
departments 1 0.7782
departure 6 0.6021 7 0.6021
dependent 4 0.7782
depends 3 0.7782
depicted 8 0.7782
depleted 4 0.7782
depleting 7 0.7782
deploring 6 0.6021 9 0.6021
deployed 2 0.4771 6 0.6207 9 0.4771
deploying 8 0.7782
deploys 8 0.7782
depth 0 0.7782
deputies 6 0.6021 7 0.6021
deputy 0 0.4947 1 0.3802 3 0.3802 4 0.3802
derby 3 0.7782
derek 0 0.6021 3 0.6021
des 1 0.7782
described 1 0.3802 3 0.3802 6 0.3802 8 0.3802
describing 0 0.7782
desert 3 0.4771 4 0.4771 5 0.4771
deserve 8 0.7782
design 1 1.1494
designed 5 0.7782
desire 1 0.4771 6 0.4771 9 0.4771
desperate 3 0.4771 4 0.4771 8 0.4771
desperately 4 0.7782
despite 0 0.4947 2 0.3802 4 0.3802 6 0.3802
destitute 1 1.0124
destroyed 7 0.7833 8 0.6021
destroying 6 0.6021 9 0.6021
destroys 1 0.6021 2 0.6021
destruction 1 0.4771 6 0.4771 9 0.4771
details 0 0.3802 2 0.4947 4 0.4947 5 0.4947
detained 2 0.3802 4 0.3802 7 0.3802 8 0.3802
detaining 5 0.7782
detect 1 0.4771 6 0.6207 9 0.4771
detention 8 1.0124
detonated 0 0.2291 1 0.1761 3 0.1761 4 0.1761 5 0.1761 7 0.1761 9 0.1761
detonating 3 0.7782
detox 5 0.7782
detoxing 5 0.7782
detroit 0 0.4823 1 0.4823 6 0.5729 7 0.3010 9 0.5353
devastating 0 0.6021 3 0.6021
devastation 3 0.6021 7 0.6021
develop 3 0.3010 5 0.3916 6 0.3010 8 0.3010 9 0.3010
developed 6 0.7782
developing 1 0.4771 4 0.4771 9 0.4771
development 1 0.4771 4 0.4771 6 0.6207
device 1 1.0124
devices 6 0.7782
devil 3 1.0124
devils 0 1.0706 3 0.6021
dhabi 3 1.0124
diabetes 7 0.7782
dialogue 9 0.7782
dickson 0 0.7782
dictatorship 1 0.7782
did 2 0.2002 3 0.2002 4 0.2222 5 0.2123 6 0.1249 7 0.2002 8 0.2222 9 0.1845
didier 1 0.7782
didn 2 0.3802 3 0.3802 6 0.3802 8 0.5616
die 0 0.1761 1 0.2291 2 0.2821 5 0.1761 7 0.2601 8 0.2291 9 0.1761
died 1 0.0792 2 0.1408 3 0.1170 4 0.1269 5 0.1170 6 0.1030 7 0.1408 8 0.1269 9 0.0792
diehard 2 0.4771 6 0.4771 9 0.4771
dietrich 8 0.7782
different 1 0.3802 3 0.3802 4 0.3802 9 0.4947
difficult 0 0.3916 1 0.3916 6 0.3010 7 0.3010 9 0.3010
dignified 9 0.7782
dilaram 8 0.7782
dimanche 0 0.7782
dinner 1 1.0124
dip 5 1.0124
diplomacy 2 0.6021 7 0.6021
diplomat 4 0.6021 9 0.6021
diplomatic 2 0.3802 3 0.4947 5 0.3802 9 0.3802
diplomats 2 0.3802 3 0.4947 4 0.3802 5 0.5616
dir 1 0.6021 2 0.6021
dire 1 0.6021 5 0.6021
direct 4 0.6021 9 0.6021
directa 2 0.7782
direction 1 0.3802 2 0.3802 6 0.4947 9 0.4947
directive 8 0.7782
directly 1 0.3802 2 0.3802 7 0.3802 8 0.4947
director 0 0.2291 1 0.1761 2 0.1761 4 0.2291 5 0.1761 7 0.1761 9 0.1761
disabled 1 0.7782
disagreed 3 0.7782
disallow 0 1.0124
disappearance 2 0.7782
disappeared 2 0.7833 3 0.6021
disappointed 7 0.8893 8 0.6021
disarm 8 0.7782
disarming 8 0.7782
disaster 0 0.7782
disastrous 6 0.7782
discipline 7 1.0124
discrimination 9 0.7782
discuss 1 0.8893 6 0.7833
disease 7 0.7782
disfigured 6 0.6021 9 0.6021
dish 1 0.7782
dislocated 8 0.7782
dismantle 0 0.3802 1 0.3802 3 0.3802 6 0.3802
dismay 8 0.7782
dismiss 2 0.2291 3 0.2821 4 0.2601 5 0.3249 7 0.2291 8 0.2601 9 0.2601
dismissed 2 0.1761 3 0.2821 4 0.2601 5 0.2601 7 0.1761 8 0.1761 9 0.2601
dismisses 0 0.7782
dismissing 2 0.4771 7 0.4771 8 0.6207
disparity 2 0.6021 6 0.6021
dispensaries 1 0.7782
disperse 8 0.6021 9 0.6021
display 5 0.4771 6 0.4771 9 0.4771
disproportionate 8 0.7782
disputed 2 0.6207 7 0.6207 8 0.7048
disqualified 5 0.7782
disrespects 2 0.2341 3 0.2341 4 0.2341 5 0.2341 7 0.2341 8 0.2341
disrupted 9 0.7782
disruption 9 1.1494
dissident 2 0.7782
dissidents 1 0.6021 8 0.6021
distance 2 0.4771 4 0.4771 9 0.4771
distancing 4 0.6021 9 0.6021
distribution 1 0.7782
district 0 0.1547 1 0.1616 2 0.1269 3 0.1584 5 0.0792 6 0.1547 7 0.1547 8 0.1408 9 0.1507
districts 8 0.7782
ditch 0 0.7782
diversify 4 1.1494
diversion 9 0.7782
diversity 2 0.4771 7 0.4771 8 0.6207
divert 1 0.7782
diverted 1 1.0124
divided 1 0.7782
division 4 0.6021 6 0.6021
dj 0 0.7782
dmitry 6 0.7782
do 0 0.1030 1 0.1170 3 0.1345 4 0.1507 5 0.0792 6 0.1269 7 0.1030 8 0.0792 9 0.1170
doctor 7 0.6021 9 0.6021
doctors 0 0.4771 1 0.4771 5 0.4771
documents 9 0.7782
dodgy 7 0.7782
does 0 0.3010 2 0.3916 5 0.3010 7 0.3916 8 0.4447
doesn 5 0.6021 6 0.6021
doha 3 0.6021 7 1.0229
doing 3 0.6021 4 0.6021
dolatabadi 2 0.6021 7 0.6021
dollar 1 0.6021 7 0.6021
dollars 0 0.2341 1 0.2341 3 0.3045 5 0.2341 7 0.3045 8 0.2341
domestic 1 0.3802 2 0.3802 4 0.4947 9 0.3802
don 2 0.1625 3 0.2002 4 0.1625 5 0.1249 6 0.1249 7 0.1625 8 0.1625 9 0.1845
done 0 0.0605 1 0.0492 2 0.0378 3 0.0558 4 0.0492 5 0.0558 6 0.0378 7 0.0378 8 0.0378 9 0.0558
donnell 2 0.7782
door 4 0.7782
doors 1 0.7782
dos 0 0.6021 6 0.6021
doss 8 1.1494
dotted 4 0.6021 9 0.6021
double 0 0.2341 1 0.2341 3 0.2341 4 0.3045 6 0.2341 7 0.3458
doubt 7 0.7782
doubters 3 0.7782
doubtful 8 0.7782
down 0 0.0672 1 0.0558 2 0.0605 3 0.0492 4 0.0605 5 0.0672 6 0.0605 7 0.0605 8 0.0605 9 0.0558
downbeat 3 0.7782
downed 9 0.7782
downhill 3 0.7782
downing 6 0.8484 7 0.6207 9 0.4771
downplays 5 0.7782
downtown 1 0.7782
downward 3 0.7782
dozen 2 0.6021 3 0.6021
dozens 0 0.5114 1 0.3010 2 0.3010 7 0.3916 8 0.3010
dr 8 1.0124
draft 7 0.7782
drag 7 0.7782
dragons 2 1.0124
drama 0 0.7782
dramatic 0 1.0124
dramatically 2 0.5616 6 0.5616 7 0.4947 9 0.3802
draw 6 0.6021 8 0.6021
drawn 2 0.7048 6 0.6207 7 0.4771
draws 4 0.4771 6 0.4771 9 0.4771
drcongo 2 0.6021 7 0.6021
dream 6 0.7782
dressed 8 0.7782
drew 0 0.4771 6 0.4771 7 0.4771
drier 5 0.7782
drive 8 0.7782
driven 0 0.7782
driver 0 0.2341 1 0.2341 3 0.2341 5 0.3045 6 0.2341 8 0.2341
drivers 4 0.6021 5 0.7833
drives 6 0.7782
driving 9 0.7782
drogba 1 0.7782
drone 0 0.2601 1 0.2601 3 0.2992 4 0.1761 6 0.2601 7 0.2601 9 0.1761
drones 2 0.4771 3 0.4771 5 0.4771
drop 0 0.2291 1 0.2291 2 0.1761 3 0.1761 4 0.1761 6 0.1761 9 0.1761
dropped 2 0.3045 4 0.3458 6 0.2341 7 0.2341 8 0.2341 9 0.2341
dropping 0 0.1761 2 0.1761 3 0.1761 4 0.1761 5 0.2601 7 0.2821 8 0.2601
drops 2 0.6021 6 0.6021
drove 0 0.1761 1 0.1761 3 0.1761 6 0.1761 7 0.2821 8 0.1761 9 0.2291
drug 1 0.4771 2 0.6207 7 0.4771
drugs 2 0.7782
drury 0 1.1494
dry 0 0.6021 5 0.6021
du 0 0.7782
dubai 1 1.5207
dubbed 8 0.7782
dublin 9 1.2466
ducks 0 0.7833 1 0.6021
duct 9 0.7782
due 1 0.3458 2 0.2341 5 0.2341 6 0.3045 8 0.3045 9 0.3458
duel 4 0.7782
duelling 4 0.7782
dugouts 0 0.7782
duminy 8 0.7782
dumped 3 0.7782
dundee 3 0.6021 4 0.7833
dunes 4 0.7782
durango 1 0.7782
durban 8 1.1494
during 0 0.0558 1 0.0642 2 0.0771 3 0.0672 4 0.0719 5 0.0605 6 0.0378 7 0.0719 8 0.0799 9 0.0786
dustin 0 1.0124
dutch 1 0.3802 2 0.4947 5 0.5616 9 0.3802
dutchman 6 0.7782
duties 3 0.2341 4 0.3045 5 0.3458 7 0.2341 8 0.2341 9 0.3458
duty 1 0.3010 2 0.3916 5 0.3010 7 0.3916 8 0.3916
dvd 4 0.7782
dwayne 0 1.0124
dynamo 0 0.7782

