each 2 0.3010 4 0.3010 6 0.4447 7 0.3010 9 0.3916
eagerly 4 0.7782
ear 0 0.3802 1 0.3802 3 0.3802 6 0.3802
earlier 0 0.0792 1 0.1030 2 0.1170 3 0.1170 4 0.1461 5 0.1030 6 0.1030 8 0.1170 9 0.0792
early 0 0.1761 3 0.1761 4 0.1761 5 0.1761 6 0.1761 8 0.2291 9 0.2601
earner 4 0.7782
earnest 5 0.7782
earning 5 0.7782
easily 9 0.7782
easing 3 0.7782
east 0 0.1625 1 0.2222 3 0.1845 4 0.1249 6 0.1845 7 0.1845 8 0.1845 9 0.1249
eastern 1 0.3045 2 0.3458 3 0.2341 4 0.3458 7 0.2341 8 0.3458
eastwood 1 0.7782
easy 4 0.7782
eaten 1 1.0124
ebullient 5 0.7782
eccentric 1 0.7782
echiejile 0 0.7782
echo 8 1.0124
ecological 9 1.1494
ecology 9 0.7782
economic 1 0.6207 3 0.6207 6 0.4771
economist 9 0.7782
economy 4 0.7644 5 0.4771 9 0.6207
edgar 5 0.6021 8 0.6021
edgeley 0 1.0124
edinburgh 2 0.7833 4 0.6021
edition 4 0.5616 5 0.4947 6 0.3802 9 0.3802
editions 0 0.6021 5 0.6021
editor 1 0.4771 2 0.4771 7 0.4771
eduard 8 0.7782
education 9 0.7782
effect 7 0.7833 9 0.6021
effective 7 0.6021 8 0.6021
effectively 8 0.6021 9 0.6021
effectiveness 8 0.7782
effort 0 0.3916 1 0.3010 3 0.3010 5 0.3916 7 0.3010
efforts 2 0.2341 3 0.2341 4 0.3045 6 0.2341 7 0.2341 8 0.3045
eguinea 4 0.7782
egypt 4 0.7782
eiffel 6 0.7782
eight 0 0.0792 1 0.0792 2 0.1030 3 0.0792 5 0.0792 6 0.1345 7 0.0792 8 0.1030 9 0.1030
einar 6 0.7782
ejide 0 0.7782
ekenge 8 1.2466
elderly 8 0.7782
elders 0 0.3010 1 0.3010 3 0.3010 6 0.3010 7 0.3010
elderson 0 0.7782
elect 1 0.7782
elected 6 0.7782
election 2 0.5729 6 0.3916 7 0.5554 8 0.6551 9 0.3010
elections 2 0.4771 6 0.7048 9 0.4771
electric 2 0.7782
electrical 4 1.0124
electronic 1 0.7782
electronics 1 0.7782
elements 1 0.3010 2 0.3010 4 0.3010 6 0.3010 9 0.3010
eleven 0 0.4947 1 0.3802 8 0.4947 9 0.3802
elimination 7 0.7782
elite 0 0.7782
else 3 0.7782
elsewhere 9 0.7782
emb 9 0.7782
embarked 5 0.7782
embarking 9 0.7782
embassy 2 0.2601 3 0.2601 4 0.2601 5 0.2601 7 0.2601 8 0.2601 9 0.2291
embezzle 4 0.7782
emerged 6 0.7782
emergency 1 0.8893 9 0.6021
emerging 2 0.3802 6 0.3802 8 0.3802 9 0.3802
emirate 1 1.0124
emmanuel 7 0.7782
emotional 0 0.7782
emotions 5 0.7782
emphasised 9 0.7782
empire 3 0.7782
employed 2 0.1761 3 0.1761 4 0.1761 5 0.1761 7 0.1761 8 0.1761 9 0.1761
employee 8 0.7782
employees 2 0.2291 3 0.2992 4 0.2601 5 0.2291 7 0.1761 8 0.1761 9 0.2601
employer 2 0.6021 3 0.6021
employers 2 1.0124
en 1 0.7782
enable 2 0.7782
end 0 0.1625 1 0.1845 2 0.1249 3 0.1249 4 0.1249 6 0.2002 7 0.2002 9 0.1625
endangered 3 0.7782
ended 0 0.0792 2 0.0792 3 0.0792 4 0.0792 5 0.1030 6 0.0792 7 0.0792 8 0.0792 9 0.0792
endured 2 0.7833 7 0.6021
enemies 1 0.3802 2 0.3802 6 0.3802 9 0.3802
enemy 9 0.7782
eneramo 0 0.7782
energy 3 0.7833 5 0.6021
eng 0 1.5885
engaged 3 0.3802 5 0.4947 8 0.3802 9 0.3802
england 0 0.2341 2 0.2341 4 0.3045 6 0.3045 7 0.2341 8 0.3977
english 1 0.3010 2 0.5729 4 0.3916 6 0.3010 7 0.3010
engulfed 7 0.7782
enjoy 2 0.7782
enjoyed 0 0.6021 7 0.6021
enjoying 5 0.7782
enormous 6 0.7782
enough 1 0.3802 4 0.3802 5 0.3802 7 0.3802
ensure 1 0.3010 3 0.3010 4 0.3010 8 0.3010 9 0.3010
enter 0 0.7644 1 0.6207 5 0.6207
enters 1 0.4771 6 0.6207 9 0.4771
entire 1 0.7782
entirely 1 0.3802 4 0.3802 6 0.3802 7 0.3802
entitled 9 0.7782
entrepreneurs 3 0.7782
enveloped 0 0.7782
environment 5 0.6207 7 0.7048 9 0.6207
environmental 7 1.0124
environmentalists 1 0.7782
environmentally 1 0.7782
envisage 3 0.7782
envoy 8 0.7782
enyeama 0 0.7782
epic 1 0.7782
epidemic 7 0.7782
epiphany 1 0.7782
equally 5 0.7782
equatorial 4 1.2466
equip 1 0.7782
equipment 0 0.7782
equivalent 0 0.7782
eradicate 4 0.6021 8 0.6021
eradicating 4 0.6021 9 0.6021
eradication 8 0.7782
erecting 5 0.7782
eric 2 0.7782
erik 0 0.7833 3 0.6021
ernest 7 0.7782
error 6 0.7782
ertugrul 9 0.7782
esa 6 0.7782
escalating 8 0.7782
escape 1 0.7782
escaped 9 1.0124
escorting 3 0.7782
esp 0 1.0124
especially 1 0.3802 4 0.3802 5 0.3802 9 0.4947
esperance 0 0.7782
espoo 6 0.7833 9 0.7833
establish 1 0.7782
established 3 0.3802 6 0.3802 7 0.4947 8 0.3802
estate 1 0.7782
estimated 2 0.4771 6 0.4771 9 0.4771
estimating 3 0.4771 6 0.4771 7 0.7048
estonia 5 0.7782
ethic 0 0.7782
ethnic 4 0.4771 5 0.6207 6 0.6207
etienne 4 0.7782
etuhu 0 0.7782
eu 5 0.6207 6 0.4771 8 0.6207
eurasian 9 0.7782
europa 6 0.7782
europe 6 0.4771 7 0.4771 9 0.6207
european 1 0.3802 5 0.5616 6 0.3802 8 0.4947
euros 5 0.6021 8 0.6021
evacuation 6 0.7782
evans 0 1.2466
eve 0 0.3010 4 0.4447 6 0.3010 8 0.3916 9 0.3010
even 1 0.1030 2 0.1030 3 0.0792 4 0.1030 5 0.1030 6 0.1345 7 0.1170 8 0.0792 9 0.1345
evening 5 0.7782
evensen 6 0.7782
event 0 0.3010 4 0.3916 5 0.3916 6 0.5114 7 0.4447
events 4 0.4947 5 0.6460 6 0.4947 9 0.3802
eventually 6 0.7782
ever 1 0.3802 3 0.4947 6 0.3802 7 0.3802
everton 0 0.7833 7 0.7833
every 1 0.7048 3 0.4771 9 0.4771
everybody 6 0.7782
everyone 3 0.3802 4 0.3802 6 0.4947 7 0.3802
everything 0 0.3010 1 0.3916 3 0.3010 5 0.3010 6 0.3010
everywhere 0 0.3010 1 0.3010 3 0.3010 6 0.3010 7 0.3916
evidence 1 1.0124
evil 6 0.7782
evin 2 0.4771 7 0.4771 8 0.6207
evolving 6 0.7833 9 0.6021
ex 0 0.3045 2 0.2341 5 0.2341 6 0.3977 7 0.2341 9 0.3750
exact 8 0.6021 9 0.6021
exam 4 0.7782
examined 9 0.7782
example 7 0.6021 9 0.6021
exceed 9 0.7782
exceeding 9 0.7782
except 4 0.6021 9 0.6021
exceptional 1 0.7782
excesses 5 0.7782
exchange 0 0.4771 1 0.4771 5 0.4771
exclusion 1 0.7782
execute 2 0.4771 7 0.4771 8 0.6207
executed 7 0.7782
execution 7 1.0124
executive 2 0.3010 3 0.3916 4 0.4447 5 0.3010 7 0.3010
executives 3 0.7782
exercise 1 1.0124
exhibit 9 0.7782
exhibition 3 0.4771 5 0.6207 8 0.6207
exhibitions 5 0.7782
exiled 8 0.7782
existing 9 0.7782
exists 5 0.7782
exit 6 0.6021 9 0.6021
expanding 5 0.7782
expect 1 0.7782
expectations 6 0.6021 7 0.6021
expected 1 0.1625 2 0.1249 4 0.1625 5 0.1249 6 0.1845 7 0.1249 8 0.1625 9 0.1845
expects 2 0.6021 9 0.6021
expel 0 0.4771 1 0.4771 2 0.4771
experience 0 0.4771 3 0.4771 8 0.4771
experienced 2 0.3010 3 0.3010 5 0.3010 6 0.3010 9 0.3010
experiencing 4 0.6021 8 0.6021
expert 0 0.3802 1 0.3802 4 0.6091 5 0.3802
experts 3 0.3802 7 0.3802 8 0.3802 9 0.3802
explain 2 0.4771 3 0.4771 5 0.4771
explained 4 0.7782
explicitly 2 0.4771 7 0.4771 8 0.6207
exploded 8 0.7782
exploitation 4 1.0124
explosion 0 0.7782
explosions 0 0.4771 1 0.4771 2 0.4771
explosive 1 0.7833 9 0.6021
explosives 0 0.0558 1 0.0492 2 0.0492 3 0.0605 4 0.0378 5 0.0378 6 0.0378 7 0.0558 8 0.0378 9 0.0642
exponentially 1 0.7782
export 7 1.0124
exports 7 0.6021 9 0.6021
exposed 6 0.6207 8 0.4771 9 0.6207
exposure 4 0.7782
expressed 2 0.1761 3 0.2291 4 0.2291 5 0.2291 7 0.2291 8 0.2601 9 0.1761
expresses 5 0.4771 7 0.6207 8 0.4771
extended 0 0.2291 2 0.1761 3 0.1761 4 0.1761 5 0.1761 7 0.1761 8 0.1761
extensive 6 0.6021 9 0.6021
extent 6 0.7782
extinguisher 6 0.7782
extra 4 0.6021 6 0.6021
extraordinary 3 0.7782
extreme 9 0.7782
extremely 3 0.6021 9 0.6021
extremism 0 0.2341 1 0.4319 2 0.2341 3 0.3458 6 0.4319 7 0.3977
extremist 1 0.3010 2 0.3010 3 0.3010 6 0.3916 7 0.3010
extremists 0 0.2601 1 0.2291 2 0.1761 3 0.2601 6 0.2291 7 0.2291 9 0.1761
eye 3 0.6021 6 0.6021
eyed 0 0.7782
eyes 7 0.7782

