fa 0 0.3802 2 0.3802 4 0.4947 6 0.3802
face 0 0.1845 1 0.2002 3 0.1249 4 0.1249 5 0.1249 6 0.1249 7 0.1249 8 0.1249
faced 1 0.3802 6 0.3802 8 0.3802 9 0.3802
faces 3 0.4771 6 0.4771 9 0.6207
facial 3 0.7782
facility 3 1.0124
facing 0 0.7782
fact 3 1.0229 7 0.6021
factored 8 0.7782
facts 3 0.6021 7 0.6021
failed 3 0.3802 6 0.6460 8 0.4947 9 0.6460
fails 9 0.7782
failure 1 0.7782
fair 6 1.0124
fairies 4 0.7782
fairy 8 0.7782
fake 0 0.7782
falkirk 4 1.0124
fall 1 0.3010 2 0.3010 4 0.3010 6 0.3010 9 0.3010
fallen 1 0.7782
fallujah 2 0.6021 3 0.7833
false 6 0.6021 9 0.6021
families 0 0.1249 3 0.1249 4 0.1249 5 0.1625 6 0.1249 7 0.1249 8 0.1249 9 0.1845
family 0 0.1625 1 0.2002 2 0.1249 4 0.2123 5 0.1625 7 0.1249 8 0.1249 9 0.1249
fan 1 0.7782
fanfare 1 0.7782
fans 0 0.2601 1 0.1761 2 0.2291 3 0.1761 4 0.2291 5 0.1761 7 0.1761
fantastic 0 0.7782
fantastical 2 0.6021 5 0.6021
fantastically 2 0.7782
far 1 0.2341 2 0.2341 3 0.2341 4 0.3045 7 0.2341 9 0.2341
farah 8 0.7782
farc 0 1.1494
fared 0 0.7782
farewell 6 0.7782
farmers 1 0.7782
farming 4 0.7782
farms 1 0.6021 5 0.6021
farouk 1 0.6207 6 0.6207 9 0.4771
fast 8 0.7782
faster 3 0.6021 9 0.6021
fasting 5 0.7782
fatal 9 0.7782
fatalities 1 0.4771 2 0.4771 5 0.4771
fatally 3 0.3010 4 0.3010 5 0.3916 8 0.3010 9 0.4823
father 0 0.2291 1 0.2291 4 0.1761 5 0.2291 6 0.2291 8 0.1761 9 0.2821
faulty 4 0.7782
favelas 0 0.6021 1 0.6021
favourite 0 0.7833 5 0.6021
faw 6 0.6021 7 0.6021
fbl 3 0.7782
fc 0 0.7782
fdlr 8 1.5207
fear 4 0.4771 6 0.6207 9 0.4771
feared 5 0.3802 7 0.3802 8 0.3802 9 0.4947
fearns 0 1.0124
fears 0 0.6021 9 0.6021
february 0 0.2341 3 0.3045 4 0.3045 5 0.3458 6 0.2341 8 0.2341
federal 0 0.0792 1 0.0792 2 0.0792 3 0.1345 4 0.1030 5 0.1170 7 0.0792 8 0.0792 9 0.1030
federation 2 0.6021 7 0.6021
federer 3 0.9645 7 0.6021
feeding 1 0.7782
feel 0 0.3802 3 0.5616 8 0.3802 9 0.3802
feeling 4 0.7833 5 0.6021
feels 4 0.6021 5 0.6021
feet 9 0.7782
feisty 2 0.6021 4 0.6021
fell 2 0.6021 6 0.6021
felling 7 0.7782
fellow 4 0.6207 7 0.4771 9 0.4771
female 5 0.7782
fenway 0 0.7782
ferdinand 2 0.7782
ferguson 2 1.0229 4 0.9645
fernando 0 0.7833 1 0.6021
ferrer 3 0.7782
fertilizers 1 0.7782
festivities 5 0.7782
fever 5 1.0124
few 1 0.4947 3 0.3802 8 0.4947 9 0.4947
fewer 7 1.0124
fide 7 0.7782
field 0 0.1170 1 0.0792 3 0.0792 4 0.0792 5 0.0792 6 0.0792 7 0.1030 8 0.0792 9 0.1030
fielding 8 1.0124
fields 0 0.7782
fierce 1 0.4771 2 0.4771 7 0.4771
fifth 0 0.6021 9 0.6021
fight 1 0.1625 2 0.1249 4 0.1249 5 0.1249 6 0.1625 7 0.1249 8 0.1625 9 0.1249
fighter 1 0.7782
fighters 0 0.2601 1 0.1761 2 0.1761 3 0.2291 5 0.1761 7 0.2291 8 0.1761
fighting 1 0.3802 6 0.6091 7 0.3802 8 0.5616
figure 0 0.3010 1 0.3010 3 0.3010 5 0.3010 6 0.3010
figures 0 0.3010 2 0.4823 6 0.4447 8 0.3916 9 0.3010
file 1 0.7015 2 0.3802 3 0.6091 7 0.4947
filed 4 0.6021 5 0.6021
filing 5 0.7782
fill 3 1.1494
filled 0 0.4947 1 0.3802 4 0.3802 9 0.3802
filling 4 0.7782
film 0 0.8893 1 0.6021
filmmakers 5 1.0124
films 5 0.7782
fin 4 1.0229 6 0.8893
final 0 0.1761 3 0.3249 4 0.1761 5 0.1761 6 0.1761 7 0.1761 8 0.1761
finalists 2 0.7782
finals 0 0.6207 3 0.6207 4 0.4771
financial 0 0.3010 2 0.3010 3 0.3916 7 0.3010 9 0.3010
financially 4 0.7782
find 0 0.3010 1 0.3010 3 0.3916 5 0.3010 9 0.3010
finding 0 0.8893 1 0.6021
findings 1 0.6021 9 0.6021
fine 4 0.7782
fined 6 0.7833 9 0.7833
fines 7 1.0124
finger 8 0.7782
finish 5 0.7782
finished 5 0.7782
finisher 5 0.7782
finishers 3 0.7782
finland 0 0.1761 2 0.2291 3 0.1761 5 0.1761 6 0.2821 7 0.2291 9 0.2821
finnish 5 0.3802 6 0.4947 7 0.3802 9 0.3802
fire 0 0.3458 3 0.3458 4 0.3458 6 0.3977 7 0.2341 9 0.3045
firearm 6 0.6021 9 0.6021
firearms 6 0.8893 9 0.9645
fired 0 0.2291 1 0.2291 3 0.2291 6 0.2291 7 0.1761 8 0.1761 9 0.1761
firefighters 0 0.6207 1 0.6207 6 0.4771
firepower 4 0.7782
fires 3 0.4771 6 0.4771 9 0.4771
fireworks 5 0.6021 6 0.7833
firing 6 0.7782
firm 2 0.3458 3 0.4455 4 0.3977 5 0.3750 7 0.3750 8 0.3045
firms 2 0.1761 3 0.2601 4 0.1761 5 0.2291 7 0.2291 8 0.2291 9 0.2291
first 0 0.0642 1 0.0605 2 0.0719 3 0.0672 4 0.0672 5 0.0697 6 0.0642 7 0.0492 8 0.0605 9 0.0642
fiscal 1 0.7782
fish 4 0.7782
fist 4 0.7782
fitness 8 0.7782
five 0 0.0738 1 0.0492 2 0.0558 3 0.0738 4 0.0786 5 0.0697 6 0.0558 7 0.0605 8 0.0719 9 0.0719
fixtures 4 1.0124
flag 4 0.3802 6 0.3802 7 0.3802 9 0.3802
flagged 1 1.0124
flamboyant 0 0.7782
flame 0 0.3802 1 0.3802 3 0.3802 6 0.3802
flameish 6 0.7782
flames 7 0.7782
flanker 0 0.7782
flash 0 0.3802 1 0.3802 3 0.3802 6 0.3802
fled 5 0.6021 8 0.7833
fletcher 4 1.0124
flew 0 0.6207 1 0.4771 4 0.6207
flies 2 0.7782
flight 0 0.3010 1 0.4823 4 0.3916 6 0.3916 9 0.3010
flights 9 1.0124
flock 1 0.7782
flood 0 0.7833 1 0.6021
flooding 1 0.7833 6 0.7833
floods 0 0.7782
floor 4 0.6021 9 0.6021
florida 1 0.7782
flower 8 1.3221
flowers 4 0.7782
flowing 0 0.3802 1 0.3802 3 0.3802 6 0.3802
flutter 6 0.7782
fly 0 0.4447 1 0.3010 5 0.3010 7 0.3010 8 0.3010
flyers 0 1.1494
flyover 0 0.7782
fob 4 0.6021 9 0.6021
fobs 4 0.8893 9 0.8893
focus 2 0.2341 3 0.2341 4 0.3045 5 0.2341 7 0.2341 9 0.2341
focusing 7 0.7782
foes 2 0.4771 7 0.4771 8 0.6207
fog 9 0.7782
foie 1 1.0124
folha 1 0.7833 6 0.6021
follis 4 1.0124
follow 1 0.7782
followed 0 0.3010 1 0.3010 3 0.3916 6 0.3010 8 0.3010
following 0 0.0492 1 0.0719 2 0.0378 3 0.0558 4 0.0378 5 0.0605 6 0.0558 7 0.0492 8 0.0378 9 0.0492
fooled 1 0.7782
foot 0 1.0124
football 0 0.2291 1 0.3249 2 0.2601 3 0.2821 4 0.2992 6 0.2601 7 0.2601
footballer 0 0.7782
for 0 0.0966 1 0.0991 2 0.0983 3 0.0979 4 0.1017 5 0.0987 6 0.0970 7 0.0991 8 0.0999 9 0.1017
force 0 0.2601 1 0.2601 4 0.2821 6 0.1761 7 0.2291 8 0.1761 9 0.1761
forced 0 0.4447 1 0.3010 4 0.3010 5 0.3010 8 0.3010
forcefully 5 0.6207 7 0.6207 8 0.6207
forces 0 0.0492 1 0.0605 2 0.0719 3 0.0642 4 0.0378 5 0.0492 6 0.0756 7 0.0719 8 0.0771 9 0.0492
forecast 5 0.6021 9 0.7833
forecasts 9 0.7782
forefront 3 0.7782
forehead 0 0.3802 1 0.3802 3 0.3802 6 0.3802
foreign 0 0.0642 1 0.0672 2 0.0558 3 0.0642 4 0.0719 5 0.0697 6 0.0378 7 0.0492 8 0.0492 9 0.0378
foreigners 2 0.6021 3 0.6021
foresees 9 0.7782
forest 7 0.7782
forestry 7 0.7782
forests 7 0.7782
forget 2 0.6021 3 0.6021
forgiveness 2 0.4771 7 0.4771 8 0.6207
form 0 0.3010 1 0.3010 3 0.3916 4 0.3916 6 0.3010
formally 3 0.7782
former 0 0.1345 2 0.1408 3 0.1345 4 0.1170 5 0.0792 6 0.1408 7 0.1461 8 0.1461 9 0.1345
formerly 3 0.6021 5 0.7833
forming 4 0.7782
formulate 3 0.6021 5 0.7833
fortress 9 0.7782
fortune 3 0.7782
forward 0 0.3916 3 0.5114 4 0.4447 6 0.3010 9 0.3010
forwards 0 1.1494
found 0 0.2601 1 0.2291 4 0.1761 6 0.2821 7 0.2291 8 0.1761 9 0.2821
founder 3 0.4771 4 0.4771 8 0.4771
founding 8 0.7782
four 0 0.0738 1 0.0697 2 0.0558 3 0.0697 4 0.0642 5 0.0642 6 0.0719 7 0.0642 8 0.0378 9 0.0672
fourteen 1 0.7782
fourth 0 0.1845 1 0.1249 2 0.1249 4 0.1249 5 0.1845 7 0.1625 8 0.1845 9 0.1249
fra 0 0.8893 4 0.7833
fractured 0 0.3802 1 0.3802 3 0.3802 6 0.3802
fran 0 0.4771 1 0.4771 4 0.6207
france 1 0.4779 2 0.3458 3 0.3458 4 0.4682 5 0.4162 8 0.3045
franz 4 0.7782
frasnelli 4 1.0124
fraud 2 0.4771 7 0.4771 8 0.6207
frederic 5 0.7782
free 0 0.1249 1 0.1249 2 0.1625 3 0.1625 4 0.1625 5 0.1845 6 0.1625 7 0.1249
freed 0 0.3045 1 0.3458 2 0.3045 5 0.3045 7 0.2341 8 0.2341
freedom 1 0.3916 5 0.3010 6 0.3010 8 0.3916 9 0.4447
freely 6 0.7782
freetown 7 0.7782
freeze 9 1.0124
freezing 0 0.6021 9 0.6021
freighter 1 0.7782
french 0 0.0697 1 0.0697 2 0.0672 3 0.0756 4 0.0738 5 0.0558 6 0.0378 7 0.0378 8 0.0378 9 0.0378
frenchman 4 1.0124
frenetic 1 0.7782
frequented 1 0.6021 2 0.6021
fresh 1 0.3802 2 0.3802 6 0.4947 7 0.3802
friay 6 0.7782
friday 0 0.0870 1 0.0822 2 0.0811 3 0.0852 4 0.0885 5 0.0833 6 0.0833 7 0.0852 8 0.0833 9 0.0870
friedel 8 0.7782
friendly 1 0.7782
friends 0 0.6021 1 0.6021
from 0 0.0861 1 0.0852 2 0.0852 3 0.0885 4 0.0966 5 0.0852 6 0.0941 7 0.0852 8 0.0861 9 0.0799
front 0 0.3010 3 0.3010 6 0.3010 7 0.3916 8 0.3010
frontier 7 0.4771 8 0.4771 9 0.6207
frontiers 7 0.7782
frost 9 1.0124
fruitless 6 0.6021 9 0.6021
fulham 0 0.6021 3 0.6021
full 0 0.1030 2 0.0792 3 0.1030 4 0.0792 5 0.0792 6 0.0792 7 0.0792 8 0.0792 9 0.1170
fully 8 0.7782
fumes 4 1.0124
fun 1 0.7833 3 0.6021
function 3 0.7782
fundamental 9 1.0124
funded 1 0.4771 2 0.4771 3 0.4771
funding 4 0.6021 8 0.6021
funds 4 0.7782
furniture 7 0.7782
further 0 0.1249 1 0.1249 2 0.1625 4 0.1625 5 0.1625 6 0.1249 8 0.1625 9 0.1845
fury 7 0.7782
future 1 0.1761 2 0.1761 3 0.2821 5 0.2291 6 0.2291 7 0.2291 9 0.1761

