gabon 4 0.7782
gaillard 4 1.0124
gaining 5 0.7782
gains 2 0.6207 6 0.4771 7 0.4771
galette 1 0.7782
game 0 0.0843 1 0.0558 2 0.0642 3 0.0771 4 0.0605 5 0.0492 6 0.0378 7 0.0719 8 0.0738 9 0.0558
games 0 0.7048 2 0.4771 4 0.7048
gang 2 0.7782
gangs 1 0.7782
ganj 8 0.7782
gap 0 1.2466
gaps 1 0.6021 4 0.6021
gardena 3 0.7782
garmisch 5 0.4771 6 0.4771 7 0.4771
garrison 1 0.6021 2 0.6021
garros 3 1.1494
gary 4 0.6021 7 0.6021
gaskell 0 1.0124
gather 1 0.7782
gathered 0 0.2123 1 0.1845 2 0.2002 3 0.2123 5 0.1625 7 0.1845 8 0.2222 9 0.2002
gathering 3 0.7782
gave 0 0.1761 3 0.1761 4 0.1761 5 0.2291 7 0.1761 8 0.2291 9 0.1761
gaza 0 1.1766 5 0.6021
gear 4 0.7782
geese 1 0.7782
general 0 0.1625 1 0.1249 2 0.1625 5 0.1845 6 0.2222 7 0.2222 8 0.1249 9 0.1249
generals 6 0.6021 7 0.6021
generated 3 0.7782
generation 9 0.7782
generosity 9 0.7782
genetic 3 0.7782
gennady 9 0.7782
genocide 5 1.0229 8 0.6021
geo 7 1.0124
geopositioning 1 0.7782
george 6 0.7782
georges 4 0.7782
ger 0 0.6021 4 0.9645
german 1 0.4771 5 0.4771 9 0.6207
germany 4 0.3010 5 0.4823 6 0.3010 7 0.3010 9 0.3916
gerry 6 0.7782
gers 3 0.7782
gesture 5 0.7782
get 0 0.3458 1 0.3750 3 0.2341 4 0.2341 6 0.3045 9 0.2341
getafe 3 0.7782
getaway 0 1.0124
gets 3 0.7833 4 0.6021
getters 0 0.7782
getting 0 0.7833 1 0.6021
ghaidan 6 0.6021 7 0.6021
ghana 3 1.1494
ghaze 6 0.7782
ghundikala 7 0.7782
giant 0 0.3010 1 0.3010 3 0.3010 6 0.3010 9 0.3010
gilani 7 0.7782
gildas 4 0.7782
giniel 5 0.7782
girl 4 0.7782
girlfriend 2 0.3802 6 0.7015 7 0.3802 9 0.6761
give 0 0.0558 1 0.0378 2 0.0558 3 0.0492 4 0.0605 5 0.0605 6 0.0378 7 0.0558 8 0.0558 9 0.0378
given 0 0.3916 4 0.3010 5 0.3916 7 0.3010 8 0.3010
giver 9 0.7782
gives 3 0.7782
giving 2 0.7782
glandular 5 1.0124
glasgow 2 0.7833 3 0.6021
glass 4 0.7782
global 1 0.4947 6 0.4947 7 0.4947 9 0.3802
globe 6 0.7782
glory 0 0.6021 7 0.6021
gloucester 2 0.7782
gmt 0 0.3010 1 0.3010 2 0.5554 4 0.4823 7 0.6021
go 0 0.1249 1 0.1625 3 0.1625 4 0.2123 5 0.1625 6 0.1845 8 0.1845 9 0.1249
goal 0 1.0229 3 0.6021
goalie 0 0.7782
goalies 0 0.7782
goalkeeper 6 1.2466
goalkeepers 0 0.6021 6 0.7833
goalline 6 0.7782
goals 0 0.5616 3 0.6091 4 0.3802 9 0.3802
goalscorer 3 0.7782
goaltender 0 0.7782
goaltenders 0 1.0124
goaltending 0 0.7782
god 2 0.7782
goes 1 0.6021 7 0.6021
going 0 0.3045 1 0.3750 5 0.3045 6 0.2341 7 0.3045 9 0.2341
gold 0 1.3221
goldfish 7 1.1494
gone 3 0.7833 5 0.9645
good 0 0.1030 1 0.0792 2 0.1408 3 0.1030 4 0.1408 5 0.1030 7 0.0792 8 0.1030 9 0.1030
goodison 7 0.7782
gordon 1 0.3010 2 0.3010 6 0.5114 7 0.4823 9 0.3010
gossner 4 1.0124
got 0 0.4319 1 0.2341 4 0.2341 5 0.2341 8 0.2341 9 0.2341
government 0 0.0738 1 0.0771 2 0.0822 3 0.0756 4 0.0822 5 0.0833 6 0.0672 7 0.0843 8 0.0919 9 0.0697
governmental 4 0.4771 8 0.4771 9 0.4771
governments 2 0.6021 7 0.7833
governor 0 0.6207 1 0.4771 3 0.4771
grace 2 0.6021 4 0.6021
graeme 0 0.4947 1 0.4947 5 0.3802 8 0.4947
graham 8 0.7782
grand 4 0.7782
granddaughter 8 0.7782
grande 0 0.8893 1 0.6021
grandmaster 7 0.7782
grandmother 4 0.7782
granted 3 0.6021 7 0.6021
graphic 3 0.6021 6 0.6021
graphics 3 0.7833 6 0.6021
gras 1 1.0124
great 0 0.2291 2 0.1761 3 0.2291 4 0.2601 5 0.1761 6 0.1761 9 0.1761
greater 3 0.7782
greatly 0 0.3010 1 0.3010 3 0.3010 6 0.3010 7 0.3010
greece 9 0.7782
greeted 0 0.7782
gregor 5 0.4771 6 0.7048 7 0.4771
grenades 1 0.1625 2 0.1845 3 0.1249 4 0.1625 5 0.1249 7 0.1249 8 0.1249 9 0.1625
grey 2 0.3010 3 0.3010 4 0.3010 5 0.3010 7 0.3010
grid 5 0.7782
grim 2 0.7782
groenlund 6 1.0124
groin 3 0.7782
ground 0 0.4447 1 0.3010 2 0.3010 3 0.3916 8 0.3916
groundless 9 0.7782
groundwork 4 0.6021 9 0.6021
group 0 0.0558 1 0.0492 2 0.0672 3 0.0378 4 0.0492 5 0.0378 6 0.0642 7 0.0605 8 0.0378 9 0.0697
groups 0 0.1249 1 0.1845 2 0.1249 3 0.1249 5 0.1249 6 0.1249 8 0.1625 9 0.1249
growing 1 0.7833 8 0.6021
grown 8 0.6021 9 0.7833
growth 4 0.6021 9 0.7833
gruelling 6 0.6021 7 0.8893
guarantee 3 0.7782
guaranteed 4 0.3802 5 0.3802 7 0.3802 8 0.3802
guard 0 0.3010 1 0.3010 3 0.3010 5 0.3010 7 0.3010
guarded 4 0.6021 9 0.6021
guardian 0 0.4771 1 0.4771 5 0.4771
guards 0 0.1030 1 0.0792 2 0.1461 3 0.1699 4 0.1616 5 0.1616 7 0.1616 8 0.1584 9 0.1584
guerin 0 0.7782
guerrillas 0 0.7782
guess 6 0.7782
guest 0 1.2466
guests 0 1.0124
guide 1 0.4771 3 0.4771 5 0.6207
guilty 3 0.7782
guinea 4 1.2466
gulf 1 1.4358
gun 1 0.2341 2 0.3045 6 0.3977 7 0.2341 8 0.2341 9 0.4162
gunay 9 0.7782
gunfire 1 0.6021 2 0.6021
gunman 6 0.7782
gunmen 1 0.3916 2 0.3916 3 0.3010 6 0.3010 7 0.3010
gunners 4 0.7782
guns 2 0.1249 3 0.1249 4 0.1625 5 0.1249 6 0.1249 7 0.1249 8 0.1249 9 0.1625
gusto 5 0.7782
guys 1 0.7782
gwent 2 1.0124
gym 3 0.6021 4 0.6021
gymnasium 9 0.7782
gypsies 1 0.7782

