haapala 6 0.7833 9 0.7833
habibullah 6 0.4771 7 0.6207 8 0.7048
had 0 0.0843 1 0.0786 2 0.0833 3 0.0941 4 0.0843 5 0.0906 6 0.0885 7 0.0719 8 0.0870 9 0.0899
haddon 2 0.6021 7 0.6021
hadn 8 0.7782
hague 1 0.6021 5 0.6021
haifa 6 1.0124
hailed 0 0.3010 2 0.3010 6 0.3010 7 0.3916 8 0.3916
hails 3 0.3802 5 0.4947 6 0.3802 7 0.3802
half 0 0.0697 1 0.0492 2 0.0492 3 0.0558 4 0.0642 5 0.0378 6 0.0672 7 0.0492 8 0.0378 9 0.0605
hall 0 0.3010 3 0.3010 4 0.3010 5 0.3010 8 0.3010
halt 2 0.4771 7 0.4771 8 0.6207
hamas 0 1.0124
hameed 9 1.0124
hamid 4 0.6021 9 0.6021
hamilton 4 0.7782
hampshire 8 0.7782
hand 0 0.4447 1 0.3010 3 0.3010 6 0.3010 8 0.3010
handed 0 0.4771 1 0.6207 5 0.6207
handful 1 0.4771 6 0.4771 7 0.4771
handgun 6 0.7833 9 0.7833
handguns 6 0.6021 9 0.6021
handling 0 0.4771 1 0.4771 5 0.4771
hands 6 0.6021 9 0.7833
handset 1 0.7782
handsome 5 0.7782
hangover 6 0.7782
hanna 4 1.0124
hapoel 0 0.7782
happened 0 0.0492 1 0.0492 2 0.0492 3 0.0558 4 0.0492 5 0.0558 6 0.0492 7 0.0492 8 0.0605 9 0.0558
happening 1 0.7782
happens 4 0.6021 9 0.6021
happy 3 0.4771 4 0.4771 7 0.4771
haqqani 4 0.7833 9 0.9645
harare 1 0.7782
harassment 6 0.6021 9 0.6021
harbour 6 0.7782
hard 0 0.4947 1 0.3802 3 0.4947 8 0.4947
hardline 2 0.6207 7 0.6207 8 0.7048
hardliners 2 0.7048 7 0.7048 8 0.8484
harlequins 0 1.0706 2 0.7833
harm 2 0.3802 3 0.4947 4 0.3802 5 0.5616
harmed 4 0.7782
harmless 6 0.7782
harmony 6 0.7782
harnessing 5 0.7782
harper 8 0.7782
harris 8 0.7782
harvest 1 0.7782
has 0 0.0843 1 0.0885 2 0.0852 3 0.0861 4 0.0852 5 0.0771 6 0.0925 7 0.0885 8 0.0811 9 0.0852
hasan 0 0.2291 1 0.1761 3 0.2291 5 0.1761 7 0.2601 8 0.1761 9 0.1761
hashim 8 0.7782
hats 1 1.0124
haute 1 0.7782
have 0 0.0906 1 0.0870 2 0.0843 3 0.0833 4 0.0919 5 0.0852 6 0.0906 7 0.0899 8 0.0892 9 0.0861
haven 1 0.7782
havens 0 0.3802 1 0.3802 3 0.3802 6 0.3802
having 1 0.1249 2 0.1625 3 0.2002 4 0.1249 5 0.1845 6 0.1249 7 0.1625 9 0.1845
hawaii 0 0.6021 1 0.9645
hayatou 1 0.7782
he 0 0.0913 1 0.0833 2 0.0885 3 0.0961 4 0.0947 5 0.0885 6 0.0925 7 0.0941 8 0.0983 9 0.0941
head 0 0.3010 2 0.3010 5 0.4447 7 0.3010 8 0.3916
headache 3 0.7782
headed 3 0.4771 6 0.4771 7 0.4771
heading 1 0.7782
headingley 8 0.7782
headlong 6 0.6021 9 0.6021
headquartered 2 0.2341 3 0.3045 4 0.2341 5 0.2341 7 0.2341 8 0.2341
headquarters 1 0.4947 2 0.4947 4 0.3802 9 0.3802
heads 1 0.6021 3 0.6021
health 1 0.2341 2 0.3750 3 0.3045 4 0.3458 6 0.2341 7 0.2341
hear 0 0.3916 1 0.3916 2 0.3010 5 0.4447 6 0.3010
heard 0 0.6021 2 0.6021
heart 2 0.7782
hearts 4 0.6207 7 0.4771 9 0.4771
hearty 1 1.0124
heater 4 0.7782
heavily 3 0.4771 4 0.4771 5 0.6207
heavy 0 0.3750 2 0.2341 6 0.3045 7 0.2341 8 0.2341 9 0.2341
heel 3 1.1494
heightened 4 0.7782
heights 3 0.7782
heise 9 1.1494
held 0 0.2291 1 0.2601 3 0.1761 4 0.1761 5 0.2291 6 0.1761 7 0.1761
helicopters 8 0.7782
hellner 4 1.1494
helm 9 0.7782
helmand 3 0.7782
help 0 0.1249 1 0.2002 3 0.1625 5 0.1249 6 0.2123 7 0.1249 8 0.1249 9 0.1249
helped 0 0.6021 1 0.6021
helping 1 0.7782
helsingin 6 0.6021 9 0.6021
helsinki 2 0.3010 6 0.4447 7 0.3010 8 0.3010 9 0.4447
hence 4 0.7782
henrik 3 0.7782
her 1 0.1761 2 0.1761 5 0.1761 6 0.2291 7 0.1761 8 0.2601 9 0.2291
herculean 1 0.7782
here 0 0.0792 2 0.0792 3 0.1345 4 0.1170 5 0.1345 6 0.1269 7 0.1269 8 0.1030 9 0.1030
herman 5 0.7782
hero 6 0.7782
hibernian 4 1.0124
hideaway 0 0.7782
high 1 0.4947 4 0.3802 6 0.6091 7 0.4947
higher 9 0.7782
highest 0 0.4771 1 0.6207 3 0.4771
highlight 3 0.7782
highlighted 6 0.6207 8 0.4771 9 0.4771
highlights 8 0.7782
hill 5 0.6021 8 0.6021
hills 5 0.6207 6 0.7048 7 0.6207
hillside 0 1.2466
him 0 0.0719 1 0.0672 2 0.0605 3 0.0697 4 0.0558 5 0.0672 6 0.0558 7 0.0672 8 0.0719 9 0.0378
himself 0 0.1249 1 0.1845 2 0.2123 3 0.1625 6 0.1625 7 0.1249 8 0.2123 9 0.2002
hindering 6 0.7782
hinted 4 0.7782
hire 3 0.7782
hired 3 0.7782
hiroshi 6 0.7782
his 0 0.0941 1 0.0925 2 0.0892 3 0.0906 4 0.0811 5 0.0870 6 0.0913 7 0.0931 8 0.0936 9 0.0899
historic 4 0.7782
history 0 0.3802 1 0.3802 5 0.4947 6 0.4947
hit 0 0.3249 1 0.2601 2 0.1761 3 0.2601 4 0.2291 6 0.1761 8 0.1761
hits 0 1.1494
hiv 1 0.7782
hockey 0 1.6179
hodgson 0 1.5563
hold 0 0.0492 1 0.0492 2 0.0492 3 0.0492 4 0.0492 5 0.0492 6 0.0378 7 0.0492 8 0.0558 9 0.0492
holding 0 0.3802 1 0.3802 5 0.3802 8 0.3802
holds 3 0.7782
hole 4 0.6021 9 0.6021
holes 0 1.0124
holiday 0 1.0124
holiest 0 0.6021 2 0.6021
hollywood 5 0.7782
homage 4 1.0124
home 0 0.1646 1 0.1461 2 0.0792 4 0.1269 5 0.1345 6 0.1030 7 0.0792 8 0.1269 9 0.1030
homegrown 7 1.0124
homeland 7 0.7782
homeless 1 1.2466
homeowners 5 0.7782
homes 0 0.3916 1 0.3010 5 0.3010 6 0.3010 9 0.3010
homily 9 0.7782
honest 2 0.4771 7 0.4771 8 0.6207
hong 0 0.3802 2 0.4947 3 0.3802 6 0.3802
hongkong 2 0.7782
honolulu 0 0.6021 1 0.7833
honour 0 0.7782
hoops 3 0.7782
hope 0 0.3916 4 0.3010 5 0.3010 6 0.3010 7 0.4823
hopeful 1 0.7833 6 0.6021
hopefully 3 1.0124
hopelessness 6 0.6021 9 0.6021
hopes 1 0.4947 3 0.3802 5 0.3802 7 0.4947
hoping 5 0.7782
hopman 7 0.7782
horrific 0 0.2341 1 0.2341 2 0.2341 3 0.3750 6 0.3045 7 0.2341
horror 0 0.7833 1 0.6021
hortefeux 4 1.1494
hospital 0 0.2341 1 0.2341 3 0.2341 6 0.2341 7 0.3045 9 0.2341
hossein 2 0.7048 7 0.7048 8 0.8803
host 4 0.4771 6 0.6207 9 0.4771
hostage 2 0.3802 4 0.5616 7 0.3802 8 0.3802
hostages 0 0.4947 1 0.6091 2 0.4947 5 0.4947
hostels 1 0.7782
hostile 2 0.4771 4 0.4771 7 0.4771
hostility 2 0.7782
hosting 1 0.6021 4 0.6021
hot 3 0.3802 5 0.3802 6 0.3802 9 0.3802
hotel 0 1.2041 1 0.6021
hour 0 1.0124
hours 0 0.1761 2 0.1761 3 0.2291 4 0.1761 6 0.2291 8 0.1761 9 0.1761
house 0 0.1625 1 0.2123 3 0.1625 5 0.1625 6 0.1845 7 0.1625 8 0.1625 9 0.1249
household 7 0.7782
houses 0 0.5554 1 0.3916 2 0.3010 3 0.3916 7 0.3916
housing 3 0.7782
how 1 0.1269 2 0.1030 3 0.0792 4 0.1170 5 0.1030 6 0.1170 7 0.0792 8 0.0792 9 0.1269
however 0 0.0792 1 0.0792 2 0.0792 3 0.1269 4 0.0792 5 0.1170 6 0.1170 7 0.0792 9 0.1170
howson 4 1.0124
hub 7 0.7782
hug 0 0.6021 1 0.6021
huge 0 0.2291 1 0.2821 3 0.2291 4 0.1761 6 0.2291 7 0.2291 8 0.1761
hugely 6 0.7782
hugo 2 0.6021 5 0.6021
hui 2 0.7782
huila 0 0.7782
hull 0 0.7782
human 2 0.1761 3 0.1761 4 0.1761 5 0.2291 7 0.2601 8 0.3249 9 0.3661
humanitarian 8 1.1494
humanity 9 1.2466
humans 6 0.6021 9 0.6021
humble 1 0.7782
hummer 5 0.7782
hummingbird 6 0.7782
hundred 9 0.7782
hundreds 2 0.3045 3 0.3045 4 0.3045 5 0.3458 7 0.2341 8 0.3977
hunger 6 0.6021 9 0.6021
hunt 2 0.6021 3 0.6021
hunting 6 0.6021 9 0.6021
hurt 0 0.3802 3 0.3802 4 0.3802 9 0.3802
hush 0 0.6207 1 0.6207 5 0.6207
hussein 1 0.3010 2 0.3916 5 0.3010 6 0.4447 9 0.3916
huts 1 0.7782
hutu 3 0.4771 7 0.4771 8 0.4771
hydrocarbons 4 0.7782

