kabul 2 0.4823 3 0.4447 4 0.4823 8 0.3010 9 0.3010
kaisa 4 1.1494
kaita 0 0.7782
kaleme 2 0.4771 7 0.4771 8 0.7644
kallis 8 0.7782
kalu 0 0.7782
kanat 9 0.7782
kandahar 3 0.7782
kane 0 1.2466
kannywood 5 0.7782
kano 5 1.0124
kanu 0 0.7782
kapisa 2 0.6021 3 0.6021
karachi 0 0.4771 2 0.4771 7 0.4771
karroubi 2 0.4771 7 0.4771 8 0.6207
karzai 4 0.7833 9 0.7833
kasparov 7 0.7782
katherine 2 0.6021 7 0.6021
kayserspor 3 0.7782
kazakh 9 0.7782
kazakhstan 9 1.4358
keep 0 0.6207 3 0.8106 4 0.4771
keeping 4 0.6021 7 0.6021
kelly 6 0.7782
kenny 3 1.0124
kept 0 0.7644 1 0.7048 5 0.7644
kerosene 1 0.7782
kesler 0 1.0124
kessel 0 1.0124
kevin 8 0.7782
key 1 0.3802 3 0.5616 4 0.3802 6 0.4947
khamenei 2 0.4771 7 0.4771 8 0.6207
khan 0 0.1674 1 0.1507 2 0.1269 3 0.1547 5 0.0792 6 0.1345 7 0.1616 8 0.1461 9 0.1345
khartoum 6 1.0124
khatami 2 0.4771 7 0.4771 8 0.6207
khazali 0 0.7048 1 0.7048 5 0.7048
khost 3 0.4771 4 0.4771 9 0.4771
kick 4 1.0124
kicking 0 1.0124
kicks 1 1.4358
kidnap 0 0.3916 1 0.3916 4 0.4447 5 0.3916 8 0.3010
kidnapped 0 0.0792 1 0.0792 2 0.1269 3 0.1269 4 0.1345 5 0.0792 7 0.0792 8 0.0792 9 0.0792
kidnappers 0 0.3010 1 0.3916 2 0.3010 3 0.3010 5 0.3916
kidnapping 2 0.7833 3 0.7833
kiev 0 0.7782
kill 1 0.1761 2 0.1761 3 0.1761 6 0.1761 7 0.1761 8 0.2291 9 0.2601
killed 0 0.0786 1 0.0811 2 0.0843 3 0.0852 4 0.0771 5 0.0697 6 0.0811 7 0.0799 8 0.0822 9 0.0843
killing 0 0.0738 1 0.0738 2 0.0822 3 0.0719 4 0.0719 5 0.0558 6 0.0558 7 0.0697 8 0.0605 9 0.0605
killings 2 0.2341 3 0.3458 4 0.2341 5 0.2341 7 0.2341 8 0.2341
kills 0 0.1625 1 0.2305 2 0.2222 3 0.1249 5 0.1249 7 0.1625 8 0.1625 9 0.1625
kilmarnock 4 1.0124
kilograms 3 0.7782
kilometre 5 0.7782
kilometres 0 0.0492 1 0.0492 2 0.0378 3 0.0558 4 0.0378 5 0.0378 6 0.0492 7 0.0558 8 0.0378 9 0.0378
kim 6 0.7782
kimia 8 0.7782
kimmo 0 0.7782
kind 6 1.0124
kinds 6 0.4771 7 0.4771 9 0.4771
king 1 0.7782
kingdom 2 0.6021 5 0.6021
kings 0 1.4358
kingsley 0 0.7782
kinshasa 2 0.4771 7 0.4771 8 0.8106
kivu 8 1.0124
kivus 8 0.7782
km 4 0.7644 5 0.6207 6 0.4771
knee 3 1.0124
knew 1 0.6021 5 0.6021
knock 4 0.7782
knotted 0 0.7782
know 4 0.3045 5 0.2341 6 0.2341 7 0.2341 8 0.2341 9 0.3045
known 0 0.2601 1 0.1761 3 0.2291 5 0.2291 6 0.1761 8 0.1761 9 0.2291
kofler 5 0.7048 6 0.7048 7 0.6207
koh 5 0.7782
komisarek 0 1.0124
kong 0 0.3802 2 0.4947 3 0.3802 6 0.3802
korea 2 0.6021 7 0.6021
koroma 7 0.7782
korosteleva 4 0.8893 5 0.6021
kosor 5 1.0124
kosovo 6 0.7782
kowalczyk 4 0.8893 5 0.6021
kris 3 0.6021 5 0.6021
kristian 4 0.7782
kristin 4 1.0124
kuitunen 5 0.7782
kunar 3 0.6021 8 0.6021
kurt 0 0.7782
kyong 2 0.6021 7 0.6021
kyrgyz 9 0.7782

