labour 1 0.6021 5 0.6021
lack 2 0.1761 3 0.2291 4 0.2291 5 0.2601 7 0.1761 8 0.1761 9 0.2291
lacked 3 0.7782
lackeys 2 0.4771 7 0.4771 8 0.6207
lad 7 0.7782
lagos 0 0.7782
lahore 1 0.8893 2 0.8893
laid 2 0.4771 3 0.4771 9 0.4771
lake 0 0.7782
lakki 3 0.3916 6 0.3916 7 0.3916 8 0.3010 9 0.3916
laments 7 0.7782
lan 5 0.7782
land 0 0.3010 1 0.3010 6 0.3916 7 0.3010 9 0.3010
landed 4 1.1494
landlocked 6 0.7782
landslide 0 0.4771 1 0.6207 6 0.6207
landslides 0 0.7048 1 0.4771 6 0.4771
lang 5 0.7782
langenbrunner 0 1.1494
language 6 0.6021 9 0.6021
large 1 0.3010 2 0.3010 4 0.3010 6 0.3916 9 0.4447
largely 0 0.3802 1 0.3802 7 0.3802 8 0.3802
larger 7 0.6021 9 0.6021
largest 0 0.0378 1 0.0378 2 0.0492 3 0.0492 4 0.0492 5 0.0378 6 0.0378 7 0.0378 8 0.0378 9 0.0378
larsson 3 0.7782
las 1 0.7782
last 0 0.0756 1 0.0642 2 0.0672 3 0.0719 4 0.0756 5 0.0756 6 0.0799 7 0.0771 8 0.0738 9 0.0672
late 0 0.1845 2 0.2002 3 0.1249 4 0.1625 5 0.1625 7 0.1249 8 0.1845 9 0.1249
later 2 0.1249 3 0.1249 4 0.1625 5 0.1625 6 0.1845 7 0.1249 8 0.1249 9 0.1845
latest 0 0.1845 1 0.2123 2 0.1845 3 0.1845 5 0.1249 6 0.1845 7 0.1625 9 0.1249
latin 2 0.6021 5 0.6021
latter 5 0.7782
launch 1 0.4771 2 0.6207 6 0.4771
launched 0 0.1761 2 0.2291 3 0.2291 5 0.2821 7 0.2291 8 0.2291 9 0.1761
launches 5 0.7782
launching 2 0.6021 5 0.6021
laura 7 0.7782
lavigne 4 1.3837
law 3 0.3458 4 0.2341 5 0.3045 6 0.3045 8 0.3045 9 0.3045
lawful 2 0.4771 7 0.4771 8 0.6207
lawless 3 0.7782
lawlessness 2 0.1761 3 0.2291 4 0.2291 5 0.2601 7 0.1761 8 0.1761 9 0.2291
lawmakers 0 0.6021 3 0.6021
laws 1 0.6207 6 0.4771 9 0.4771
lawsuit 4 0.7782
lay 6 0.6021 9 0.6021
layer 7 0.7782
layered 5 0.7782
laying 4 0.6021 9 0.6021
le 0 0.6021 1 0.6021
lead 0 0.3045 2 0.2341 3 0.2341 5 0.2341 7 0.3750 9 0.2341
leader 0 0.1625 1 0.1625 2 0.2002 3 0.1249 5 0.1249 6 0.1625 7 0.2305 8 0.2123
leaders 1 0.2291 2 0.2291 4 0.2291 6 0.2992 7 0.1761 8 0.2291 9 0.1761
leadership 5 0.7833 9 0.6021
leading 0 0.3010 3 0.3010 4 0.3010 5 0.3010 7 0.3010
leads 3 0.4771 5 0.7644 7 0.4771
leafs 0 1.2466
league 0 0.1845 1 0.1625 2 0.2499 3 0.1845 4 0.2787 5 0.1249 6 0.1845 7 0.1249
leaped 0 0.3802 1 0.3802 3 0.3802 6 0.3802
leaps 5 0.6021 7 0.6021
leapt 5 0.6021 7 0.6021
learned 6 0.6021 9 0.6021
learnt 8 0.7782
least 0 0.1616 1 0.1699 2 0.1646 3 0.1507 4 0.1030 5 0.1269 6 0.1345 7 0.1584 8 0.1461
leave 5 0.3802 6 0.3802 7 0.3802 8 0.4947
leaving 0 0.4447 1 0.4823 2 0.3916 4 0.3010 5 0.3010
lebanese 0 0.7782
lebouachera 2 0.6021 7 0.6021
led 0 0.1170 1 0.0792 2 0.1030 3 0.1170 4 0.1030 5 0.0792 6 0.1170 8 0.0792 9 0.1030
leeds 2 0.8803 4 0.9542 8 0.4771
left 0 0.1269 1 0.0792 2 0.0792 3 0.1269 4 0.1170 6 0.1269 7 0.1170 8 0.1170 9 0.0792
leftist 0 0.7782
leg 5 0.7644 7 0.7644 9 0.4771
legal 2 0.3045 3 0.3045 4 0.2341 5 0.2341 7 0.3045 8 0.3045
legalising 1 0.7782
legend 0 0.7782
legislation 7 0.7782
legkov 4 1.1494
lehaz 2 0.6021 7 0.6021
leicester 2 0.7782
leinster 2 1.0124
lenarcic 9 1.0124
leo 8 0.7782
leone 1 0.6021 7 0.8893
les 0 0.6021 5 0.6021
less 2 0.2341 3 0.2341 4 0.2341 5 0.2341 6 0.2341 9 0.3045
lessons 6 0.6021 9 0.6021
let 3 0.7782
lethal 3 0.7782
letter 2 0.3010 4 0.3010 7 0.3010 8 0.3916 9 0.3010
level 1 0.2341 2 0.3750 4 0.3045 6 0.4455 7 0.3045 9 0.3458
levelled 9 0.7782
levelling 2 0.6207 6 0.4771 7 0.4771
levels 4 0.6021 9 0.7833
levy 6 1.1494
lewis 0 0.7782
liaison 3 0.7782
liberation 8 0.7782
libya 4 0.7782
licenced 6 0.6021 9 0.6021
licensing 6 0.6021 9 0.6021
lie 4 1.0124
liebermann 2 0.6021 7 0.6021
lies 0 0.4771 1 0.4771 5 0.4771
lieutenant 6 0.4771 7 0.4771 8 0.4771
life 0 0.1625 1 0.1249 2 0.1845 4 0.1249 5 0.1625 7 0.1845 8 0.1845 9 0.1249
lifeless 5 0.7782
lifestyle 5 1.3837
lift 2 0.3010 3 0.3010 4 0.3010 5 0.3010 7 0.3916
lifted 0 0.7782
lifts 0 0.7782
light 0 0.3010 1 0.3010 3 0.3010 6 0.4447 9 0.3010
lighter 6 0.7782
lightly 0 0.7782
lightning 0 1.0124
liisa 4 1.0124
like 0 0.0558 1 0.0605 2 0.0492 3 0.0492 4 0.0672 5 0.0642 6 0.0492 7 0.0642 8 0.0719 9 0.0492
liked 2 0.1761 3 0.1761 4 0.2291 5 0.1761 7 0.1761 8 0.1761 9 0.1761
likely 1 0.0792 2 0.0792 3 0.0792 4 0.0792 5 0.0792 6 0.0792 7 0.1170 8 0.0792 9 0.1030
likes 1 0.6021 6 0.6021
lille 1 1.0124
limit 1 0.7782
limited 6 0.7782
limits 1 0.7833 3 0.6021
limonov 8 1.1494
line 0 0.3916 3 0.3010 6 0.3916 7 0.3916 8 0.3010
linea 2 0.7782
lines 1 0.7833 3 0.6021
lineup 0 1.0124
link 0 0.3802 1 0.3802 5 0.3802 9 0.3802
linkage 1 0.7782
linked 2 0.6021 3 0.6021
links 6 0.7782
list 0 0.3010 1 0.3010 2 0.3010 4 0.3010 7 0.3010
listening 0 0.3802 1 0.3802 3 0.3802 6 0.3802
lists 6 0.6021 9 0.6021
lithuania 3 0.7782
little 1 0.5616 3 0.3802 5 0.3802 6 0.4947
liu 2 0.6021 6 0.6021
live 5 0.7782
lived 1 0.4771 4 0.4771 9 0.4771
liverpool 4 0.6207 6 0.4771 7 0.4771
lives 2 0.1761 3 0.2601 4 0.2291 5 0.2821 6 0.1761 7 0.2291 8 0.2821
livestock 4 0.7782
living 5 0.6021 6 0.6021
ll 3 0.4947 4 0.6091 5 0.3802 8 0.4947
loaded 8 0.7782
loan 7 0.7782
loaned 5 0.6021 8 0.6021
local 0 0.1269 1 0.1507 2 0.1170 3 0.1269 5 0.1030 6 0.1269 7 0.1547 8 0.0792 9 0.1030
locally 7 0.7782
locate 1 0.7782
located 4 0.6021 9 0.6021
locating 3 0.8893 6 0.6021
locked 0 0.3802 1 0.3802 3 0.3802 6 0.3802
locomotiv 0 1.0124
lodge 5 0.7782
lodged 5 0.7782
loggers 7 0.7782
logging 7 1.2466
logistical 8 0.7782
logs 7 1.0124
loitzl 5 0.6207 6 0.7048 7 0.6207
london 0 0.0672 1 0.0697 2 0.0697 3 0.0492 4 0.0697 5 0.0492 6 0.0719 7 0.0697 8 0.0378 9 0.0378
londoners 1 0.7782
long 1 0.1845 2 0.1249 3 0.1625 4 0.1625 5 0.1249 6 0.1249 7 0.1625 9 0.1249
longer 1 0.3010 2 0.3010 6 0.3010 8 0.3010 9 0.3010
look 1 0.4947 2 0.4947 4 0.3802 5 0.3802
looking 0 0.6021 4 0.8893
lookout 4 0.6021 9 0.6021
looks 1 0.6021 4 0.7833
looms 3 0.6021 9 0.6021
loop 1 0.6021 5 0.6021
loosened 1 0.7782
lord 0 0.7782
loris 4 1.0124
los 0 0.8803 1 0.4771 2 0.6207
lose 3 0.7782
losing 4 0.7782
loss 2 0.3010 3 0.3010 4 0.3010 6 0.3916 9 0.3916
lost 0 0.1625 2 0.1625 3 0.2123 4 0.2123 5 0.1845 6 0.1249 7 0.1249 8 0.1249
lot 0 0.3802 1 0.3802 4 0.5616 8 0.5616
louis 0 1.2466
loved 5 0.7782
lover 2 0.3802 6 0.4947 7 0.3802 9 0.4947
low 9 0.7782
lower 0 0.3010 1 0.3916 2 0.4447 6 0.4447 7 0.3010
lowered 4 0.6021 9 0.6021
lowest 2 0.7644 6 0.7048 9 0.4771
loyal 2 0.4771 7 0.4771 8 0.6207
lp 3 0.7782
luanda 1 1.3221
ludmila 8 0.7782
luis 2 0.6021 5 0.6021
luiz 0 0.7833 1 0.6021
lukas 4 1.0124
luke 8 1.0124
lush 7 0.7782
luxury 0 0.7833 1 0.6021
lynne 2 0.7782

