maccabi 6 1.1494
machado 0 0.7782
machikhel 0 0.3010 1 0.3010 3 0.3010 6 0.3010 7 0.3010
maclachlan 0 0.4771 1 0.4771 5 0.4771
made 0 0.0792 1 0.0792 2 0.1030 3 0.1461 4 0.1030 5 0.1345 7 0.1345 8 0.1461 9 0.1170
madjid 3 0.7782
madrid 4 0.6021 6 0.6021
maestro 0 0.7782
magician 8 0.7782
magnetic 2 0.4771 6 0.4771 9 0.4771
magnificent 4 0.7782
magnificently 3 0.7782
magnus 7 0.7782
mahanama 9 0.7782
mahmoud 2 0.6207 7 0.6207 8 0.7048
maiden 8 0.7782
maim 1 0.4771 6 0.4771 9 0.4771
main 0 0.1249 1 0.1625 2 0.1625 3 0.1625 6 0.1625 7 0.1625 8 0.1625 9 0.1625
mainland 0 0.7782
mainly 1 0.3802 2 0.3802 4 0.3802 5 0.3802
mainstream 0 0.4771 1 0.4771 5 0.4771
maintained 2 0.4771 6 0.6207 7 0.4771
maintaining 0 0.7782
majdic 4 0.8893 5 0.8893
majeed 6 0.6021 7 0.6021
major 0 0.1030 1 0.0792 2 0.1345 3 0.1269 4 0.1030 6 0.1408 7 0.0792 8 0.1345 9 0.1269
majority 8 0.7782
make 0 0.1761 1 0.1761 2 0.2291 3 0.1761 6 0.1761 7 0.2291 8 0.2601
maker 6 1.0124
makers 0 0.7782
makes 2 0.4771 6 0.4771 7 0.4771
makhaya 8 1.0124
making 1 0.6021 9 0.6021
malabo 4 0.7782
malaga 0 0.7782
maliki 2 0.4771 6 0.4771 9 0.4771
mall 6 0.8893 9 0.8893
malo 5 0.7782
malone 0 1.0124
man 0 0.1507 1 0.1030 3 0.1170 4 0.1170 5 0.1030 6 0.1170 7 0.1030 8 0.1030 9 0.1030
manage 5 0.7833 7 0.6021
managed 3 0.6207 4 0.4771 9 0.4771
management 0 0.6021 8 0.6021
manager 0 0.4771 3 0.6207 6 0.4771
managing 1 0.7782
manchester 0 0.6091 2 0.5616 4 0.5616 7 0.3802
mancini 0 1.1494
mandate 8 0.7782
mandela 1 1.0124
mankind 9 0.7782
mannion 2 0.7782
mans 1 0.7782
manslaughter 3 0.6021 9 0.6021
manuel 5 0.7782
many 1 0.1408 2 0.1170 3 0.1269 4 0.1030 5 0.1170 6 0.1170 7 0.1170 8 0.1170 9 0.1408
map 3 1.0706 6 0.6021
maple 0 1.2466
maps 3 0.7782
marc 4 1.1494
march 0 0.1761 1 0.1761 2 0.2821 3 0.2291 4 0.2601 6 0.2601 9 0.1761
marco 0 0.7782
marcus 4 1.1494
marginal 1 0.7782
marginalised 4 0.7782
marginally 9 0.7782
marijuana 1 1.1494
marine 1 0.6021 3 0.6021
marines 5 0.3802 7 0.3802 8 0.3802 9 0.3802
marit 4 0.7782
maritime 1 0.7782
mark 0 0.6091 5 0.4947 8 0.4947 9 0.3802
marked 0 0.5616 1 0.4947 3 0.4947 5 0.3802
markedly 2 0.3802 3 0.3802 6 0.3802 9 0.3802
market 0 0.3010 1 0.5114 2 0.4823 3 0.3010 6 0.3010
marouane 4 0.7782
marred 1 0.7782
marseille 0 0.3802 1 0.4947 5 0.6091 8 0.6091
martial 1 1.0124
martin 0 0.7833 5 0.6021
martins 0 0.7782
martyr 2 0.4771 7 0.4771 8 0.6207
marwat 3 0.3916 6 0.3916 7 0.4823 8 0.3010 9 0.3916
mass 6 0.6021 9 0.9645
massachusetts 0 1.1494
massive 0 0.1170 1 0.1345 2 0.1269 3 0.0792 5 0.0792 6 0.1030 7 0.1030 8 0.1170 9 0.1030
mast 4 0.6021 9 0.6021
mastermind 1 0.4771 6 0.4771 9 0.4771
match 0 0.0697 1 0.0642 2 0.0642 3 0.0642 4 0.0492 5 0.0378 6 0.0378 7 0.0605 8 0.0697 9 0.0738
matches 0 0.7833 4 0.8893
maternal 1 0.7782
mathes 1 0.7782
mathew 0 1.0124
matt 8 0.7782
matter 0 0.3802 1 0.3802 4 0.3802 5 0.3802
matthew 0 1.0124
matti 6 0.6021 9 0.6021
mauling 4 0.7782
mauritania 5 0.7782
maxim 4 0.7782
maxime 2 0.6021 5 0.6021
may 0 0.0378 1 0.0492 2 0.0492 3 0.0605 4 0.0492 5 0.0558 6 0.0492 7 0.0378 8 0.0642 9 0.0605
mayor 3 1.1494
mayors 3 0.7782
mazandaran 8 1.0124
mcdonough 1 0.7782
mclaren 8 0.7782
mcmenemy 0 0.6207 1 0.6207 5 0.6207
me 0 0.0378 1 0.0378 2 0.0378 3 0.0378 4 0.0378 5 0.0378 6 0.0492 7 0.0378 8 0.0492 9 0.0378
meals 1 0.7782
mean 4 0.6021 8 0.6021
meaning 0 0.7782
means 2 0.6207 3 0.6207 8 0.4771
meanwhile 0 0.1249 1 0.1625 2 0.1249 3 0.1249 4 0.1249 5 0.1249 8 0.1249 9 0.1249
measure 2 0.7782
measures 2 0.3045 3 0.3458 4 0.4779 5 0.2341 8 0.2341 9 0.3045
measuring 5 0.7782
medal 0 1.0124
medallist 3 0.7782
medals 0 0.7782
media 0 0.0558 1 0.0378 2 0.0672 3 0.0605 4 0.0605 5 0.0492 6 0.0378 7 0.0378 8 0.0605 9 0.0642
medical 1 0.7782
medicinal 1 0.7782
medics 0 0.6207 6 0.4771 9 0.4771
mediterranean 9 0.7782
medvedev 6 0.7782
meet 1 0.3010 2 0.3010 3 0.3916 6 0.3916 7 0.3010
meeting 1 0.1269 2 0.1269 3 0.1030 4 0.1408 5 0.1170 6 0.1616 7 0.1616 8 0.1030 9 0.1030
meetings 0 0.6207 1 0.6207 5 0.6207
meets 0 0.7782
mehdi 2 0.6207 7 0.6207 8 0.6207
melbourne 3 0.7782
member 3 0.4771 7 0.6207 8 0.4771
members 1 0.3916 4 0.4447 5 0.3010 8 0.3010 9 0.3010
memorial 2 0.4771 7 0.4771 8 0.6207
men 1 0.1249 2 0.1249 3 0.1625 4 0.1845 5 0.2002 6 0.1249 8 0.1249 9 0.1625
menace 7 0.7782
mental 7 0.7782
mentalities 9 0.7782
mentally 5 0.7782
merits 3 0.6021 5 0.7833
merry 4 0.7782
message 1 0.3045 2 0.2341 4 0.2341 7 0.3458 8 0.3045 9 0.3045
messages 6 1.1494
messing 0 0.4771 1 0.4771 5 0.4771
met 0 0.3802 1 0.3802 3 0.3802 4 0.5616
meteorological 9 0.7782
methods 1 1.0124
metres 1 0.7782
mexican 1 0.7782
mexico 1 0.6021 2 1.1109
michael 0 0.2341 1 0.2341 3 0.2341 4 0.2341 8 0.3045 9 0.2341
michel 0 0.7782
michelle 1 0.7782
michoacan 2 0.7782
mickey 8 0.7782
mid 4 0.4771 6 0.6207 9 0.4771
middle 0 0.1761 1 0.2291 2 0.2291 3 0.2291 5 0.1761 7 0.2601 8 0.2291
middlesbrough 0 0.7782
mideast 7 0.7782
midfielder 3 0.6021 4 0.8893
midfielders 0 0.7782
midnight 6 0.6021 8 0.6021
midtable 4 0.7782
midweek 0 0.6207 1 0.4771 3 0.4771
mie 7 0.7782
might 0 0.4947 4 0.3802 5 0.3802 9 0.4947
mihai 6 0.7782
mike 0 1.1494
mikel 0 0.7782
mikhail 2 0.2601 3 0.2601 4 0.2601 5 0.2291 7 0.2291 8 0.2291 9 0.2601
milan 4 0.7782
miles 0 0.0378 1 0.0378 2 0.0378 3 0.0492 4 0.0378 5 0.0378 6 0.0378 7 0.0492 8 0.0378 9 0.0378
militancy 1 0.7782
militant 0 0.1845 1 0.1845 3 0.1845 4 0.1249 6 0.1845 7 0.1845 8 0.1625 9 0.1249
militants 0 0.0642 1 0.0697 2 0.0605 3 0.0697 4 0.0378 5 0.0378 6 0.0642 7 0.0738 8 0.0672 9 0.0605
military 0 0.0697 1 0.0738 2 0.0738 3 0.0697 4 0.0558 5 0.0799 6 0.0738 7 0.0697 8 0.0642 9 0.0672
miller 0 0.7048 3 0.4771 5 0.4771
million 1 0.0792 2 0.1030 3 0.1030 4 0.0792 5 0.1030 6 0.1269 7 0.1030 8 0.0792 9 0.1408
millions 6 0.6021 7 0.6021
milliyet 9 0.7782
min 4 0.9645 5 0.6021
mind 4 0.7782
mindful 5 0.7782
minds 9 0.7782
mines 8 0.7782
mini 8 0.7782
minibuses 1 0.7782
minimal 7 0.7782
minister 1 0.1030 2 0.1408 3 0.0792 4 0.1170 5 0.1507 6 0.1584 7 0.1547 8 0.1345 9 0.1674
ministers 1 0.3802 6 0.5616 7 0.3802 9 0.3802
ministries 2 0.6021 6 0.6021
ministry 2 0.4947 4 0.7015 5 0.4947 9 0.5616
minor 6 0.7782
minority 6 0.6021 8 0.6021
minute 4 0.7782
minutes 0 1.3837
mir 2 0.7048 7 0.7048 8 0.8803
miranshah 0 0.3916 1 0.3916 3 0.3916 6 0.3916 7 0.3916
miriam 4 1.0124
mirren 4 1.0124
mischief 4 0.7782
miss 3 0.7782
missile 3 0.7833 7 0.7833
missiles 0 0.4447 1 0.3916 3 0.3916 6 0.3916 7 0.3010
missing 0 0.2821 1 0.1761 2 0.1761 3 0.1761 5 0.2291 6 0.1761 8 0.1761
mission 1 0.3916 2 0.3010 3 0.3010 6 0.3916 8 0.3916
missions 3 0.7782
mistake 5 0.4771 6 0.4771 7 0.4771
mistreatment 8 0.7782
mitsubishi 5 0.7782
mixed 5 0.7782
mjs 9 0.7782
mm 3 1.0383 6 0.6207 9 0.4771
mmv 5 1.5207
mnf 6 0.8893 7 0.8893
mob 2 0.6021 3 0.6021
mobilise 1 0.7782
mobilised 4 0.7782
mochis 2 1.0124
mocking 2 0.4771 7 0.4771 8 0.6207
modano 0 0.7782
modelled 9 0.7782
modern 9 0.7782
modernise 1 0.7782
modifications 4 0.7782
modin 4 0.7782
moest 4 0.7782
mogadishu 8 0.7782
mohammad 0 0.1625 1 0.1249 2 0.1625 3 0.1845 6 0.1625 7 0.2305 8 0.1845 9 0.1625
mohammed 0 0.9645 1 0.6021
mohsen 2 0.4771 7 0.4771 8 0.6207
moment 0 0.4771 2 0.4771 3 0.4771
moments 3 0.6021 6 0.6021
momentum 0 0.7782
monastery 3 0.7782
monday 1 0.6091 3 0.3802 7 0.4947 9 0.3802
money 5 0.7782
monitoring 0 0.3010 2 0.4447 6 0.3916 7 0.3010 9 0.3010
monoxide 4 0.7782
monsoon 1 0.7782
monterrey 1 0.7782
month 1 0.2601 2 0.2291 3 0.2291 5 0.2992 7 0.2291 8 0.2291 9 0.2291
monthly 9 0.7782
months 0 0.0558 1 0.0642 2 0.0378 3 0.0558 4 0.0492 5 0.0378 6 0.0378 7 0.0558 8 0.0605 9 0.0605
monuc 8 1.3837
monye 0 1.3221
mood 5 0.7782
moon 0 0.7782
moore 0 0.7762 1 0.7762 4 0.7604 5 0.7604
mordt 0 1.0124
more 0 0.0822 1 0.0811 2 0.0771 3 0.0843 4 0.0642 5 0.0492 6 0.0771 7 0.0719 8 0.0738 9 0.0756
morgenstern 6 1.0124
morkel 8 0.7782
morne 8 0.7782
morning 2 0.2341 3 0.2341 5 0.2341 6 0.2341 7 0.3045 9 0.2341
moroccan 4 0.7782
morris 0 0.7782
mortality 1 0.7782
moscow 0 0.7048 1 0.6207 8 0.8803
mosque 0 0.3802 1 0.3802 2 0.4947 7 0.4947
most 0 0.0492 1 0.0642 2 0.0605 3 0.0605 4 0.0605 5 0.0605 6 0.0672 7 0.0642 8 0.0492 9 0.0605
mostly 0 0.7782
mosul 2 0.6207 6 0.6207 9 0.6207
mother 0 0.4771 1 0.4771 5 0.4771
mothers 1 0.7782
motherwell 4 0.7782
motorcycling 4 0.7782
motorists 9 0.7782
motorsport 5 0.7782
mount 1 0.3010 2 0.3010 5 0.3010 7 0.3010 8 0.3010
mountain 0 0.6207 1 0.4771 6 0.4771
mourn 2 0.4771 7 0.4771 8 0.6207
mourning 2 0.3802 6 0.4947 7 0.3802 9 0.3802
mourns 6 0.7782
mousavi 2 0.9542 7 0.9542 8 1.1441
mouth 8 0.7782
move 0 0.4947 2 0.3802 3 0.3802 4 0.3802
moved 1 0.3010 2 0.5554 3 0.3916 6 0.4447 7 0.4447
movement 0 0.3802 2 0.3802 7 0.3802 8 0.4947
movements 6 1.0124
movie 5 0.7782
movies 5 0.7782
mowbray 3 0.7782
moyes 7 0.7782
mr 2 0.6207 7 0.6207 8 0.7644
much 1 0.1249 2 0.1249 3 0.1249 4 0.1249 5 0.1249 7 0.1249 8 0.1249 9 0.1625
mud 0 1.4358
mudslide 0 1.0124
mudslides 0 1.0124
mujda 4 0.6021 9 0.6021
multan 1 0.6021 2 0.6021
multi 5 0.4771 6 0.4771 7 0.6207
multiculturalism 6 0.7782
multiple 8 0.6021 9 0.6021
munster 2 1.0124
murder 5 0.4771 6 0.4771 9 0.6207
murdered 8 0.7782
murray 7 1.0124
muscles 3 0.7782
museum 5 0.7644 8 0.8106 9 0.6207
museums 5 0.6021 8 0.6021
mushtaq 7 1.0124
music 1 0.6207 4 0.4771 5 0.7048
musicians 1 0.6021 4 0.6021
musikverein 4 0.7782
muslim 0 0.0792 1 0.0792 2 0.0792 3 0.0792 5 0.0792 6 0.0792 7 0.1030 8 0.1030 9 0.0792
muslims 0 0.6021 2 0.6021
must 1 0.0792 2 0.0792 3 0.0792 4 0.1461 5 0.0792 6 0.1269 7 0.1170 8 0.0792 9 0.1030
mutilated 3 0.7782
mutual 0 0.6021 6 0.6021
mwangura 1 1.0124
my 0 0.1625 1 0.1625 2 0.1249 3 0.1845 4 0.1249 6 0.2002 7 0.1249 8 0.1845
myanmar 1 0.7782
myra 9 1.0124

