nacho 3 0.7782
nadal 3 1.0706 7 0.6021
nahon 2 0.7782
nairobi 1 0.7782
name 0 0.1625 2 0.1249 3 0.2002 4 0.1249 5 0.1845 6 0.1625 7 0.2002 8 0.1249
named 0 0.7644 4 0.4771 9 0.6207
names 0 0.4771 4 0.6207 9 0.6207
narrowly 1 0.6021 4 0.6021
nashville 0 0.7833 1 0.6021
nasser 5 0.7782
natalia 4 0.8893 5 0.6021
nation 0 0.0792 1 0.1170 2 0.0792 3 0.0792 5 0.0792 6 0.1170 7 0.1269 8 0.1030 9 0.0792
national 0 0.1030 1 0.1170 2 0.1030 3 0.0792 5 0.0792 6 0.1170 7 0.1269 8 0.1269 9 0.1030
nationalities 0 0.7833 9 0.6021
nationality 6 0.7833 9 0.6021
nationally 4 0.7782
nationals 1 0.7782
nations 0 0.3045 1 0.4779 2 0.2341 3 0.3750 5 0.2341 6 0.3458
nationwide 3 0.7782
native 4 0.7782
nato 0 0.1249 1 0.1249 3 0.1625 4 0.1625 6 0.1625 7 0.1625 8 0.1249 9 0.1625
natural 4 0.6021 6 0.6021
naturally 9 0.7782
nature 5 0.4947 6 0.4947 7 0.3802 9 0.4947
navies 1 0.7782
nbi 6 1.0124
nd 5 0.6021 7 0.6021
ndjamena 6 1.1494
ndlead 2 1.0229 7 0.8893
near 0 0.1625 1 0.1845 2 0.1625 4 0.1249 5 0.1249 7 0.1249 8 0.1625 9 0.1845
nearby 0 0.1761 1 0.2291 3 0.2291 6 0.2291 7 0.2821 8 0.1761 9 0.1761
nearly 2 0.3010 4 0.3010 6 0.3916 7 0.3010 9 0.3916
nears 0 0.7782
necessarily 8 0.7782
necessary 2 0.3010 3 0.3010 4 0.4447 6 0.3010 9 0.3916
necessitating 7 0.6021 8 0.6021
necessity 1 0.4771 6 0.4771 9 0.4771
ned 0 1.0124
need 2 0.4947 4 0.3802 5 0.5616 9 0.3802
needed 9 0.7782
needless 3 0.7782
needs 1 0.6207 4 0.4771 6 0.7644
neglected 6 0.7782
neighbouring 1 0.3802 2 0.3802 4 0.3802 8 0.3802
neighbours 5 0.4771 6 0.4771 7 0.4771
neither 2 0.4771 7 0.4771 8 0.6207
nelson 1 0.7782
nemanja 4 0.7782
nephew 2 0.4771 7 0.4771 8 0.6207
net 0 0.7782
netherlands 1 0.6207 2 0.8106 5 0.8106
netivot 0 0.7782
nets 8 0.7782
netted 3 0.7782
network 4 0.6021 9 0.6021
networks 8 0.7782
nevada 1 0.7782
never 0 0.3010 1 0.3010 4 0.3916 5 0.3010 9 0.3010
nevertheless 9 0.7782
neville 4 0.7782
new 0 0.0885 1 0.0833 2 0.0672 3 0.0756 4 0.0822 5 0.0799 6 0.0878 7 0.0786 8 0.0822 9 0.0771
newcastle 2 0.6021 3 0.6021
newcomers 3 0.7782
newlands 8 0.7782
newly 5 1.0124
newport 2 1.0124
news 0 0.1761 1 0.1761 2 0.2992 3 0.2291 5 0.2992 7 0.2821 8 0.2992
newsin 6 0.7782
newspaper 1 0.3045 2 0.2341 6 0.3045 7 0.2341 8 0.3045 9 0.3458
newspapers 2 0.3010 6 0.3010 7 0.3010 8 0.3916 9 0.3010
newyear 2 0.4771 7 0.6207 8 0.4771
next 1 0.1249 2 0.1625 3 0.1625 4 0.1249 5 0.2002 6 0.1249 7 0.1249 9 0.1845
ngo 9 0.7782
nguema 4 1.3221
nguesso 4 0.7782
nhl 0 1.4809
nice 0 0.4771 1 0.6207 4 0.4771
niche 0 0.7782
nicholas 9 1.4809
nick 0 0.7833 9 0.6021
nicolai 4 0.7782
nicolas 0 1.0124
nicosia 8 0.7782
niger 4 0.7782
nigeria 0 0.4447 2 0.3010 4 0.3010 5 0.4447 7 0.3010
nigerian 1 0.4823 5 0.3010 6 0.5353 7 0.3010 9 0.3916
night 1 0.3010 4 0.3010 5 0.4447 8 0.3916 9 0.3010
nightmare 6 0.7782
nikolay 7 0.7782
nils 0 1.0124
nimes 4 1.1494
nine 0 0.2341 1 0.3750 2 0.3458 3 0.3458 6 0.3045 7 0.2341
ninth 5 0.6021 7 0.6021
nissen 5 0.7782
nisur 2 0.2341 3 0.3045 4 0.2341 5 0.2341 7 0.2341 8 0.2341
nkorea 2 0.6021 7 0.6021
no 0 0.0558 1 0.0605 2 0.0642 3 0.0492 4 0.0697 5 0.0719 6 0.0642 7 0.0719 8 0.0756 9 0.0719
noah 0 1.0124
noise 6 0.7782
nollywood 5 0.7782
non 2 0.4771 4 0.6207 9 0.6207
nor 0 0.0792 1 0.0792 2 0.0792 4 0.1547 5 0.0792 6 0.1170 7 0.0792 8 0.1030 9 0.0792
nord 8 1.0124
nordic 4 0.7833 5 0.7833
normal 0 0.4771 1 0.4771 5 0.4771
normalise 6 0.7782
normally 9 0.7782
north 0 0.0492 1 0.0378 2 0.0558 3 0.0605 4 0.0378 5 0.0492 6 0.0378 7 0.0642 8 0.0558 9 0.0642
northampton 2 0.7782
northeast 1 1.0124
northern 2 0.3010 5 0.3916 6 0.3010 8 0.3916 9 0.3010
northug 4 1.1494
northwest 0 0.0697 1 0.0756 2 0.0697 3 0.0738 4 0.0558 5 0.0492 6 0.0558 7 0.0672 8 0.0642 9 0.0558
northwestern 0 0.1761 1 0.2821 2 0.2601 3 0.1761 7 0.1761 8 0.1761 9 0.1761
norton 0 0.4771 1 0.4771 4 0.7048
norwegian 7 1.0124
not 0 0.0642 1 0.0719 2 0.0822 3 0.0738 4 0.0822 5 0.0771 6 0.0861 7 0.0843 8 0.0870 9 0.0852
notably 4 0.7782
note 4 0.7782
noted 2 0.3045 3 0.2341 4 0.2341 6 0.3458 7 0.2341 9 0.2341
notes 9 0.7782
nothing 1 0.3802 4 0.5616 5 0.3802 9 0.4947
noting 2 0.4771 6 0.4771 9 0.6207
nov 1 0.9645 2 0.9645
november 2 0.2291 3 0.2601 4 0.1761 5 0.2291 6 0.1761 7 0.2601 9 0.1761
novo 3 0.7782
now 0 0.1269 1 0.1269 3 0.0792 4 0.1408 5 0.1170 6 0.1408 7 0.1269 8 0.1170 9 0.1170
nsv 5 1.3221
ntini 8 1.2466
nuclear 2 0.6021 7 0.6021
nucleus 9 0.7782
number 0 0.0492 1 0.0378 2 0.0558 3 0.0558 4 0.0492 5 0.0378 6 0.0672 7 0.0672 8 0.0378 9 0.0719
numbers 5 0.7782
numerous 1 0.7782
nuri 2 0.4771 6 0.4771 9 0.4771
nusoor 9 0.7782
nwaneri 0 0.7782
nwankwo 0 0.7782
ny 3 0.7782
nystad 5 0.7782
nzl 8 0.7782

