race 3 0.4771 4 0.8803 5 0.7644
raced 5 0.7782
racer 4 0.7782
racers 4 0.6021 5 0.6021
races 5 0.6021 7 0.6021
racial 8 0.7782
racing 1 0.6021 5 0.6021
radetzky 4 0.7782
radiation 6 0.7782
radical 1 0.6021 6 0.6021
radicalisation 1 0.6021 6 0.8893
radio 0 0.5616 1 0.3802 2 0.3802 8 0.3802
raf 0 0.4771 1 0.4771 4 0.7048
rafael 3 0.6021 7 0.6021
rafalski 0 1.1494
rahesabz 8 1.0124
raid 0 0.7782
raids 1 0.6021 9 0.6021
rail 9 1.0124
rain 0 1.0229 1 0.6021
rains 0 0.6207 1 0.4771 6 0.6207
raised 6 0.6021 9 0.6021
raising 3 0.6021 6 0.6021
rallies 9 0.7782
rally 4 0.4947 5 0.6091 6 0.3802 8 0.3802
rallying 4 0.6021 5 0.6021
ralph 0 0.7782
ramble 1 0.7782
rampage 2 0.2341 3 0.2341 5 0.3045 6 0.2341 7 0.2341 9 0.2341
rams 0 0.6021 2 0.6021
ramzan 0 0.3802 1 0.3802 3 0.3802 6 0.3802
ran 3 1.0124
range 0 1.0124
rangers 0 0.7644 3 0.7644 4 0.7048
ranked 7 0.6021 9 0.6021
rankings 7 1.0124
ransackings 2 0.4771 7 0.4771 8 0.6207
rao 2 0.6021 7 0.6021
rapid 6 0.7782
rapidly 2 0.6021 7 0.6021
rarely 1 0.7782
rashly 0 0.3010 1 0.3010 3 0.3010 6 0.3010 7 0.4447
rashness 4 0.3802 5 0.3802 7 0.3802 8 0.3802
rate 1 1.0124
rated 4 0.7782
rather 4 0.7782
ratio 0 0.7782
raw 5 1.2466
rawalpindi 1 0.7833 2 0.7833
ray 5 0.3916 6 0.3010 7 0.3916 8 0.3010 9 0.3916
raymond 0 0.6021 6 0.6021
raza 7 0.7782
razing 1 0.7782
rd 3 0.7782
rdlead 2 0.6021 7 0.6021
re 0 0.1761 1 0.2291 2 0.2821 3 0.1761 6 0.1761 7 0.2601 8 0.3351
reach 0 0.6021 9 0.6021
reached 6 1.1494
reaches 3 0.6021 4 0.6021
reaction 0 0.6021 7 0.6021
reacts 7 0.7782
read 3 0.3802 5 0.4947 8 0.3802 9 0.3802
readjusting 0 0.4771 1 0.4771 5 0.4771
ready 1 0.3010 2 0.4823 5 0.5114 7 0.4823 8 0.5114
real 1 0.3916 2 0.3010 3 0.3010 6 0.4823 9 0.3916
reality 6 0.7833 9 0.6021
really 3 0.4771 5 0.7048 7 0.7048
reason 3 0.3802 6 0.4947 8 0.3802 9 0.3802
reasons 1 0.7782
reax 7 0.6021 8 0.6021
rebecca 2 0.6021 7 0.6021
rebel 5 0.6021 6 0.9645
rebels 0 0.1761 1 0.1761 3 0.1761 6 0.2992 7 0.2291 8 0.3522 9 0.2291
rebirth 5 0.7782
rebounded 3 0.7782
rebranding 3 0.6021 5 0.6021
rebuilding 1 0.7782
rebuilt 9 0.7782
recchi 0 1.0124
receive 5 0.7782
received 3 0.3802 4 0.3802 6 0.4947 8 0.3802
receiving 1 0.3802 6 0.6091 7 0.3802 9 0.3802
recent 0 0.1249 1 0.1845 3 0.1845 5 0.1249 6 0.1845 7 0.1249 8 0.1625 9 0.2002
recently 0 0.2341 1 0.2341 3 0.3045 4 0.3458 5 0.3045 9 0.3045
reception 8 0.7782
recession 3 1.0124
recipients 8 0.7782
reckless 3 0.6021 5 0.7833
recognise 2 0.4771 7 0.4771 8 0.6207
reconciliation 0 0.7048 1 0.7048 5 0.7048
record 0 0.0792 1 0.0792 2 0.0792 3 0.1030 4 0.1030 5 0.1030 7 0.0792 8 0.1030 9 0.0792
recorded 2 0.3802 6 0.3802 7 0.3802 9 0.3802
recover 4 0.7782
recovered 8 0.7782
recovery 9 1.0124
recruiting 3 0.7782
red 0 0.8893 3 0.6021
redder 2 0.4771 7 0.4771 8 0.6207
redirected 0 0.7782
reducing 6 0.6021 7 0.6021
reef 6 0.7782
reelection 1 0.6021 3 0.7833
referee 0 0.7833 9 0.6021
reference 8 0.7782
referendum 3 0.7782
referred 4 0.7833 9 0.6021
referring 5 0.7782
refile 1 1.0229 5 0.7833
reflect 7 0.6021 9 0.6021
reflected 5 0.7782
reflects 6 0.7782
reform 2 0.6091 3 0.3802 7 0.5616 8 0.4947
reforms 9 0.7782
refugee 8 0.7782
refuse 1 0.7782
refused 0 0.0792 1 0.1030 2 0.0792 3 0.1170 4 0.0792 5 0.1030 7 0.0792 8 0.1170 9 0.0792
refuses 2 0.6021 7 0.6021
refuted 3 0.7782
regain 0 0.7782
regard 9 0.7782
regarding 0 0.2341 1 0.2341 2 0.2341 4 0.2341 5 0.3045 7 0.2341
regardless 2 0.3010 6 0.3010 7 0.3010 8 0.3916 9 0.3010
regime 2 0.5616 3 0.4947 7 0.4947 8 0.7015
region 0 0.2123 1 0.2123 2 0.1249 3 0.1249 6 0.2002 7 0.2002 8 0.1625 9 0.1625
regional 0 0.2341 1 0.2341 2 0.2341 5 0.2341 6 0.3045 7 0.2341
registered 7 0.7782
regrets 4 0.7782
regretted 8 0.7782
regrouped 8 0.7782
regular 1 0.7782
reigning 0 0.4771 4 0.6207 5 0.4771
reignite 2 0.7782
reignited 2 0.3802 6 0.3802 7 0.3802 9 0.3802
rein 5 0.7782
reinforced 9 0.7782
reins 9 0.7782
reintegrating 8 0.7782
reis 0 0.7782
reiterated 0 0.4771 1 0.4771 5 0.4771
reiterating 9 0.7782
rejected 1 0.3010 2 0.3916 5 0.3010 7 0.3916 8 0.5114
rejection 2 0.4771 7 0.4771 8 0.6207
rejects 1 0.6021 5 0.6021
related 1 0.4947 2 0.4947 4 0.3802 5 0.3802
relations 2 0.4823 3 0.3010 5 0.3916 6 0.3010 7 0.3010
relationship 2 0.4771 6 0.6207 9 0.6207
relative 6 0.7782
relatively 3 0.6021 5 0.6021
relatives 0 0.3010 1 0.3010 5 0.3010 6 0.3010 9 0.3010
release 0 0.1761 1 0.2291 2 0.2291 4 0.2821 7 0.1761 8 0.2821 9 0.2291
released 0 0.2341 1 0.2341 2 0.2341 4 0.3458 5 0.3750 6 0.2341
releases 4 0.7782
relegated 4 0.7782
relegation 0 1.0124
relevant 1 0.7782
relics 9 0.7782
relief 0 0.4771 1 0.6207 2 0.4771
relies 3 0.4771 4 0.4771 9 0.4771
religion 3 0.4771 6 0.4771 9 0.4771
religious 1 0.3802 2 0.3802 7 0.4947 8 0.4947
relishing 4 0.7782
rely 3 0.3802 6 0.3802 7 0.3802 9 0.3802
remain 0 0.7833 1 0.6021
remained 0 0.4947 1 0.3802 6 0.3802 9 0.3802
remaining 6 0.6021 7 0.6021
remains 3 0.3802 6 0.3802 8 0.3802 9 0.6761
remarks 3 0.6021 5 0.7833
rematch 3 0.7782
remen 6 0.7782
reminds 6 0.7833 9 0.6021
remo 4 0.7782
remote 1 0.3010 3 0.3916 6 0.3010 7 0.4447 8 0.3010
remove 0 1.0124
rename 6 0.7782
renamed 2 0.1761 3 0.2291 4 0.1761 5 0.1761 7 0.2291 8 0.1761 9 0.1761
renew 2 0.2341 3 0.3045 4 0.2341 5 0.2341 7 0.2341 8 0.2341
renewed 1 0.6021 4 0.6021
rennes 0 0.7782
renounce 0 0.2341 1 0.3045 2 0.2341 5 0.2341 7 0.2341 8 0.3045
rented 0 0.7782
renting 1 0.7782
repeated 6 0.7782
repent 2 0.7782
replaced 3 0.7782
replacement 0 1.0124
replaces 6 0.7782
replied 2 0.6021 3 0.6021
reply 5 0.7782
report 0 0.0792 1 0.2043 2 0.1030 3 0.1170 4 0.0792 5 0.1461 6 0.1030 8 0.1030 9 0.1030
reported 0 0.1845 1 0.2123 2 0.1249 4 0.1249 5 0.1249 6 0.1845 8 0.1845 9 0.1249
reportedly 0 0.4771 1 0.6207 5 0.4771
reporter 2 1.1494
reporters 0 0.1249 1 0.1249 2 0.1249 3 0.1249 5 0.1625 6 0.1625 7 0.1249 9 0.1625
reporting 0 0.7782
reports 0 0.1761 1 0.2291 3 0.2821 4 0.2291 5 0.1761 8 0.2992 9 0.3351
represent 9 0.7782
reprieve 8 0.7782
republic 0 0.3010 2 0.4447 5 0.3916 7 0.3916 8 0.4447
republican 3 0.7782
republics 5 0.7782
request 9 0.7782
requested 0 0.0378 1 0.0378 2 0.0378 3 0.0492 4 0.0378 5 0.0492 6 0.0378 7 0.0492 8 0.0378 9 0.0378
requests 7 0.7782
requirements 6 0.6021 9 0.6021
rescue 0 0.6460 1 0.4947 6 0.3802 8 0.3802
researcher 6 0.7782
researchers 6 0.6021 7 0.6021
researching 1 0.7782
residents 5 0.6021 7 0.6021
resist 5 0.7782
resistance 0 0.7833 1 0.7833
resolution 8 0.7782
resolve 2 0.4771 7 0.6207 8 0.6207
resources 4 0.6021 6 0.6021
respect 1 0.1761 4 0.1761 5 0.1761 6 0.2291 7 0.1761 8 0.2821 9 0.3249
respected 0 0.3010 1 0.3010 3 0.3010 6 0.3010 7 0.3010
respectively 4 0.7782
responded 7 0.6021 8 0.6021
response 0 0.2341 1 0.2341 2 0.2341 5 0.2341 6 0.2341 9 0.2341
responsibilities 3 0.7782
responsibility 2 0.2291 3 0.1761 4 0.1761 6 0.2821 7 0.1761 8 0.2291 9 0.2601
responsible 2 0.2341 3 0.2341 4 0.2341 5 0.2341 7 0.2341 8 0.2341
rest 2 0.3802 4 0.3802 7 0.3802 8 0.4947
restate 2 0.7782
restive 2 0.4771 6 0.4771 9 0.4771
restraining 6 0.6021 9 0.6021
restrictions 2 0.4771 7 0.4771 8 0.7048
result 1 0.3010 2 0.5353 6 0.3916 7 0.3010 9 0.5114
results 0 0.4947 3 0.3802 4 0.4947 6 0.4947
resume 1 0.7782
resumed 1 0.7782
resumes 4 0.7782
retain 2 0.4771 6 0.4771 9 0.4771
retake 5 0.7782
retaliates 0 0.7782
retaliation 0 0.7782
retirement 5 0.6021 7 0.6021
retreat 2 0.4771 7 0.4771 8 0.6207
return 0 0.2601 1 0.1761 2 0.1761 3 0.2291 5 0.2291 8 0.1761 9 0.2291
returned 2 0.3010 3 0.3010 6 0.3916 7 0.3010 8 0.3010
reunion 0 0.3010 1 0.3010 2 0.3010 5 0.3010 7 0.3010
reunited 0 0.3802 1 0.3802 4 0.5616 8 0.3802
revealed 1 0.7782
revealing 0 0.4771 1 0.4771 5 0.4771
revelers 0 0.7833 6 0.6021
revellers 1 1.0124
revelry 5 0.6021 6 0.6021
revenge 3 0.7782
revenue 4 0.7782
revenues 3 0.6021 4 0.6021
review 6 0.7833 9 0.7833
reviews 1 0.6021 9 0.6021
revisited 9 0.7782
revoking 3 0.7782
revolted 6 0.7782
revolutionary 0 0.3045 1 0.2341 2 0.3045 5 0.2341 7 0.3045 8 0.3045
reward 0 0.7782
reyes 6 0.7782
rezai 2 0.7048 7 0.7048 8 0.8484
rhine 4 0.7782
ricardo 2 0.1761 3 0.2291 4 0.2291 5 0.2601 7 0.1761 8 0.1761 9 0.2291
rich 4 0.4771 6 0.4771 7 0.4771
richard 5 0.7782
ride 5 0.7782
right 0 0.2341 2 0.2341 3 0.2341 7 0.2341 8 0.3458 9 0.2341
rightful 2 0.4771 7 0.4771 8 0.6207
rights 1 0.1249 2 0.1625 3 0.2123 4 0.2123 5 0.2378 7 0.2002 8 0.2442 9 0.2787
rigorous 4 0.4771 8 0.4771 9 0.4771
riitta 4 1.0124
ring 1 0.7782
rings 5 0.7782
rio 0 0.6259 1 0.5353 2 0.3010 5 0.3916 6 0.3916
riot 8 0.7782
riots 0 0.6021 2 0.6021
ripe 6 0.7782
rise 1 0.4823 2 0.3010 3 0.3010 6 0.3916 7 0.5554
risen 0 0.7833 8 0.7833
rising 9 0.7782
risk 0 0.3802 1 0.4947 6 0.4947 7 0.3802
risks 7 0.7782
risky 2 0.7782
rituals 2 0.4771 7 0.4771 8 0.6207
rival 3 0.3802 5 0.3802 7 0.3802 9 0.3802
rivalries 2 0.6021 4 0.6021
rivalry 2 0.7782
rivals 0 0.4771 3 0.4771 4 0.6207
road 2 0.5616 3 0.5616 8 0.3802 9 0.3802
roads 9 0.7782
roadside 0 0.1761 1 0.1761 3 0.1761 4 0.1761 6 0.1761 7 0.1761 8 0.2601
roberto 0 0.7782
robin 3 0.6207 4 0.4771 5 0.4771
robot 6 0.7782
robson 7 0.7782
robust 8 0.7782
rocket 0 1.3221
rocks 0 1.0124
rode 6 0.7782
rodriguez 5 0.7782
roger 3 0.6021 7 0.6021
rois 1 0.7782
roland 3 1.1494
role 1 0.3916 3 0.3916 5 0.3010 7 0.3010 9 0.3916
roll 6 0.6021 7 0.6021
roller 2 0.7782
rom 1 0.7782
romanian 6 1.0229 7 0.6021
romantically 6 0.6021 9 0.6021
romero 2 1.1494
romoren 6 0.7782
rompuy 5 1.0124
ronnie 0 0.7782
ronny 6 0.7782
rooftop 6 1.0124
room 0 0.6021 3 0.6021
roots 0 0.7782
roponen 4 1.0124
rory 0 1.0124
rose 2 0.3802 6 0.3802 8 0.3802 9 0.3802
roshan 9 0.7782
rosinska 8 0.7782
rotating 5 0.7782
rough 0 0.7782
round 0 0.6021 6 0.6021
roundabout 2 0.1761 3 0.1761 4 0.2291 5 0.1761 7 0.1761 8 0.1761 9 0.2291
rounded 8 0.6021 9 0.6021
rounder 8 0.7782
rounds 1 1.0124
route 1 0.3802 3 0.3802 6 0.3802 7 0.3802
routine 4 0.7782
routinely 0 0.7782
row 0 0.6021 5 0.6021
rowan 6 0.6021 7 0.6021
rows 6 0.7782
royal 0 0.4771 1 0.4771 4 0.7048
rsf 3 0.7782
rubble 0 0.2601 1 0.2291 3 0.1761 6 0.1761 7 0.2291 8 0.1761 9 0.1761
rugby 0 1.0124
rugbyu 0 0.7833 2 0.9645
ruin 6 0.7782
rule 8 1.0124
ruled 3 0.6207 4 0.6207 5 0.6207
ruler 1 0.7782
rules 4 0.7782
ruling 2 0.3916 3 0.4823 4 0.3010 5 0.4823 9 0.3010
rumbled 7 0.7782
run 0 0.1625 1 0.1249 2 0.1249 3 0.2002 4 0.1625 6 0.2002 8 0.1249 9 0.1845
running 1 0.7782
runs 5 0.6021 8 0.7833
rus 0 0.8893 4 1.1766
rushed 6 0.6021 9 0.6021
rushing 6 0.7782
russia 0 0.2341 1 0.2341 4 0.2341 5 0.3045 8 0.3045 9 0.2341
russian 4 0.3802 6 0.3802 7 0.4947 8 0.6091
russians 6 0.7782
rwanda 8 1.1494
rwandan 2 0.4771 7 0.4771 8 0.7048
ryan 0 1.2921 8 0.6021

