wade 0 0.7782
wage 9 0.7782
waheed 4 0.6021 9 0.6021
wahid 7 0.7782
wait 0 0.4771 1 0.4771 4 0.4771
waiting 2 0.1761 3 0.1761 4 0.1761 5 0.1761 7 0.1761 8 0.1761 9 0.1761
wake 6 0.6021 9 0.7833
wakey 6 1.0124
wal 0 0.7782
waldemar 5 0.7782
walk 0 0.7782
wall 5 0.6021 8 0.6021
walter 3 0.7782
waltz 4 0.7782
want 0 0.0378 1 0.0378 2 0.0492 3 0.0378 4 0.0558 5 0.0492 6 0.0605 7 0.0492 8 0.0558 9 0.0492
wanted 0 0.3802 2 0.3802 6 0.3802 9 0.5616
wants 2 0.3802 4 0.3802 6 0.3802 9 0.4947
war 0 0.0492 1 0.0605 2 0.0378 3 0.0492 4 0.0378 5 0.0605 6 0.0642 7 0.0492 8 0.0492 9 0.0558
warming 1 0.6021 7 0.6021
warmongering 2 0.6021 5 0.6021
warned 1 0.2341 2 0.3045 6 0.3045 7 0.2341 8 0.2341 9 0.3045
warning 9 0.7782
warnings 2 0.4771 6 0.4771 7 0.4771
warns 2 0.4771 7 0.4771 9 0.4771
warring 1 0.7782
wars 6 0.7782
warsaw 5 1.2466
was 0 0.0936 1 0.0947 2 0.0913 3 0.0975 4 0.0925 5 0.1010 6 0.0941 7 0.0936 8 0.0987 9 0.0975
washington 0 0.0378 1 0.0642 2 0.0605 3 0.0719 4 0.0492 5 0.0605 6 0.0492 7 0.0642 8 0.0378 9 0.0378
wasps 2 0.7782
watch 0 0.1170 1 0.1030 2 0.1030 3 0.1170 5 0.0792 6 0.0792 7 0.1030 8 0.1507 9 0.1408
watchdog 1 0.6021 9 0.6021
watched 6 0.7782
watching 0 0.2341 1 0.2341 3 0.2341 5 0.2341 7 0.3977 8 0.3045
watchlists 9 0.7782
watchman 5 0.8893 8 0.8893
water 0 0.6207 1 0.4771 6 0.4771
waters 5 0.7782
watford 6 0.7782
wave 0 0.2601 1 0.1761 2 0.2291 3 0.1761 6 0.1761 7 0.2291 8 0.1761
waves 2 0.4771 6 0.4771 9 0.4771
way 0 0.1345 1 0.1269 2 0.1170 3 0.1345 4 0.0792 5 0.1408 6 0.0792 7 0.0792 9 0.0792
ways 1 0.3802 6 0.4947 7 0.3802 9 0.4947
waziristan 0 0.2002 1 0.1845 3 0.2123 5 0.1249 6 0.1625 7 0.2222 8 0.1625 9 0.1625
we 0 0.0771 1 0.0771 2 0.0833 3 0.0833 4 0.0941 5 0.0719 6 0.0738 7 0.0852 8 0.0852 9 0.0786
weak 2 0.6021 7 0.6021
weaken 7 0.7782
weaknesses 2 0.4771 7 0.4771 8 0.6207
weapon 6 0.8893 9 0.7833
weapons 1 0.0792 2 0.0792 3 0.1030 4 0.0792 5 0.0792 6 0.0792 7 0.1030 8 0.1030 9 0.1170
wearing 0 0.6021 2 0.6021
weather 0 0.6021 9 0.7833
weathered 3 0.7782
web 5 1.5207
website 1 0.1249 2 0.1845 4 0.1249 5 0.1249 6 0.1625 7 0.1625 8 0.2499 9 0.1249
webster 0 0.7782
wednesday 0 0.1269 1 0.1030 2 0.1170 3 0.1269 4 0.1408 5 0.0792 6 0.1030 8 0.0792 9 0.1030
week 0 0.0378 1 0.0642 2 0.0605 3 0.0558 4 0.0378 5 0.0492 6 0.0642 7 0.0492 8 0.0492 9 0.0492
weekend 1 0.7782
weekly 0 0.4771 1 0.4771 9 0.4771
weeks 0 0.3010 1 0.4447 3 0.3010 5 0.3010 6 0.3010
wejdan 2 0.1761 3 0.1761 4 0.1761 5 0.1761 7 0.1761 8 0.1761 9 0.2291
welcome 0 0.4771 5 0.6207 6 0.4771
welcomed 2 0.3802 3 0.3802 4 0.3802 5 0.3802
welcomes 6 0.7782
well 0 0.0378 1 0.0492 2 0.0492 3 0.0558 4 0.0378 5 0.0558 6 0.0605 7 0.0492 8 0.0378 9 0.0672
welser 4 0.7782
wengen 3 1.0124
wenger 4 1.2466
went 0 0.5114 4 0.3010 6 0.3916 7 0.4447 8 0.3010
were 0 0.0919 1 0.0852 2 0.0861 3 0.0931 4 0.0941 5 0.0870 6 0.0885 7 0.0919 8 0.0919 9 0.0931
werner 3 0.6021 5 0.6021
wes 4 0.7782
west 0 0.2341 1 0.3750 5 0.2341 7 0.3045 8 0.2341 9 0.3458
westergaard 0 0.7782
western 1 0.1761 2 0.2291 4 0.2291 6 0.2601 7 0.1761 8 0.3131 9 0.2821
wet 8 0.7782
what 0 0.0558 1 0.0605 2 0.0697 3 0.0672 4 0.0756 5 0.0719 6 0.0697 7 0.0697 8 0.0719 9 0.0719
whatever 4 0.6021 9 0.6021
when 0 0.0738 1 0.0719 2 0.0672 3 0.0771 4 0.0605 5 0.0719 6 0.0642 7 0.0738 8 0.0738 9 0.0642
where 0 0.0605 1 0.0642 2 0.0492 3 0.0642 4 0.0697 5 0.0719 6 0.0697 7 0.0642 8 0.0605 9 0.0492
whether 4 0.6207 8 0.4771 9 0.4771
which 0 0.0799 1 0.0786 2 0.0738 3 0.0786 4 0.0642 5 0.0771 6 0.0799 7 0.0738 8 0.0861 9 0.0870
while 0 0.0492 1 0.0605 2 0.0378 3 0.0558 4 0.0492 5 0.0719 6 0.0558 7 0.0558 8 0.0378 9 0.0605
whipping 1 0.7782
white 0 0.3010 1 0.3916 3 0.3010 6 0.3010 8 0.3010
whitlock 0 0.7782
who 0 0.0822 1 0.0697 2 0.0811 3 0.0906 4 0.0899 5 0.0892 6 0.0811 7 0.0870 8 0.0843 9 0.0811
whole 0 0.3802 1 0.3802 5 0.3802 6 0.3802
whom 6 0.6207 7 0.4771 9 0.4771
whose 5 0.6021 7 0.6021
why 2 0.1249 3 0.1249 4 0.1845 5 0.1249 6 0.1625 7 0.1249 8 0.1625 9 0.2002
wickets 8 0.7782
wide 0 0.6021 1 0.8893
widely 1 0.6021 9 0.6021
wider 0 0.3010 1 0.3010 3 0.3010 5 0.3010 9 0.3010
widespread 1 0.6021 9 0.6021
wigan 4 1.0124
wild 0 0.6021 1 0.8893
wilfried 7 0.7782
will 0 0.0642 1 0.0771 2 0.0786 3 0.0738 4 0.0771 5 0.0697 6 0.0672 7 0.0642 8 0.0738 9 0.0771
williams 6 0.6021 7 0.8893
willing 0 0.3010 1 0.3010 5 0.3010 6 0.3010 7 0.3010
wilson 0 0.7782
win 0 0.4162 3 0.3045 4 0.3045 5 0.2341 6 0.2341 8 0.3045
wind 5 1.0124
window 3 0.4771 4 0.4771 9 0.4771
windsor 4 0.7782
wines 4 0.7782
wing 6 0.7782
winger 0 1.2466
wings 0 1.0124
wink 4 0.7782
winner 0 0.4823 4 0.4447 5 0.4447 6 0.3010 7 0.3010
winning 6 0.7782
wins 3 0.4771 5 0.4771 8 0.4771
winter 0 0.7833 1 1.0229
wisdom 3 1.0124
with 0 0.1026 1 0.0961 2 0.0919 3 0.0931 4 0.0970 5 0.0966 6 0.0936 7 0.0936 8 0.0861 9 0.0931
withdrawal 0 1.0124
withdrew 6 0.6021 7 0.6021
within 0 0.3010 1 0.3010 5 0.3010 6 0.3010 9 0.3916
without 0 0.1030 1 0.1030 2 0.1170 3 0.1345 4 0.1030 5 0.1547 7 0.1170 8 0.0792 9 0.1170
witnesses 0 0.4771 6 0.4771 9 0.4771
wives 4 0.7782
wkt 8 1.0124
woes 1 0.7833 5 0.7833
wola 5 0.7782
wolfgang 5 0.4771 6 0.7048 7 0.4771
wolfsburg 0 0.7782
woman 6 0.6021 9 0.6021
women 1 0.1170 2 0.0792 3 0.0792 4 0.0792 5 0.0792 6 0.0792 7 0.1030 8 0.1030 9 0.0792
won 0 0.1170 1 0.0792 2 0.1170 3 0.1030 4 0.1030 5 0.1408 6 0.1030 7 0.1269 8 0.0792
worcester 2 0.7782
words 2 0.9740 3 0.4771 7 0.9740
work 0 0.0492 1 0.0492 2 0.0642 3 0.0642 4 0.0492 5 0.0558 6 0.0492 7 0.0558 8 0.0492 9 0.0605
worked 0 0.5616 4 0.3802 6 0.4947 9 0.4947
worker 6 0.7782
workers 0 0.3750 1 0.3750 2 0.3045 3 0.3045 5 0.3458 6 0.2341
working 1 0.0792 2 0.1170 3 0.1269 4 0.1345 5 0.1408 6 0.0792 7 0.0792 8 0.0792 9 0.1170
workmate 6 0.6021 9 0.6021
works 4 0.4771 5 0.4771 8 0.4771
world 0 0.1345 1 0.1584 2 0.1030 3 0.1507 4 0.1269 5 0.1507 6 0.1745 7 0.1745 9 0.1547
worldwide 1 0.1249 2 0.1249 3 0.1249 4 0.1625 5 0.1249 6 0.1249 7 0.1249 9 0.1625
worried 1 0.6021 2 0.6021
worries 0 0.7782
worry 5 0.4947 7 0.3802 8 0.3802 9 0.4947
worsen 5 0.7782
worsened 8 0.7782
worsening 9 0.7782
worst 1 0.6021 3 0.6021
worth 5 0.4771 7 0.4771 8 0.4771
would 0 0.0605 1 0.0605 2 0.0605 3 0.0697 4 0.0771 5 0.0697 6 0.0558 7 0.0642 8 0.0786 9 0.0799
wouldn 5 0.3802 7 0.3802 8 0.3802 9 0.3802
wounded 0 0.2222 1 0.1845 2 0.1625 3 0.2123 6 0.1249 7 0.1845 8 0.2222 9 0.1625
wounding 0 0.1030 1 0.0792 2 0.1170 3 0.1170 4 0.1030 5 0.0792 7 0.0792 8 0.1030 9 0.1170
wrap 2 0.8484 7 0.8106 8 0.4771
wreckage 0 0.7833 1 0.6021
wrestled 0 1.0124
wright 8 1.0124
wrigley 0 0.7782
wrist 7 1.0124
write 4 0.7782
writer 6 0.7782
wrong 3 1.0124
wrote 1 0.1249 2 0.1249 3 0.1625 4 0.1249 6 0.1625 7 0.1249 8 0.1625 9 0.1845
www 2 0.6021 5 0.6021

