ba 9 0.7782
baath 2 0.4771 6 0.4771 9 0.4771
babies 1 0.7782
baby 5 0.7782
bachelet 1 1.0124
back 0 0.1408 1 0.0792 2 0.0792 4 0.1584 5 0.1170 6 0.0792 7 0.1170 8 0.0792 9 0.0792
backed 1 0.6207 3 0.4771 6 0.4771
backes 0 1.0124
background 9 1.0124
backing 3 0.3802 6 0.3802 7 0.3802 8 0.3802
backlash 5 0.4947 7 0.4947 8 0.4947 9 0.4947
backpacks 6 0.7782
backs 2 0.6021 6 0.6021
backward 7 0.7782
backyard 5 1.0124
bad 2 0.1761 3 0.2291 4 0.1761 5 0.1761 7 0.1761 8 0.1761 9 0.1761
badghis 8 1.0124
badly 0 0.3802 3 0.4947 6 0.3802 7 0.3802
baghdad 0 0.0642 1 0.0558 2 0.0799 3 0.0771 4 0.0799 5 0.0843 6 0.0719 7 0.0756 8 0.0672 9 0.0833
bains 5 0.7782
bajaur 0 0.3010 1 0.3010 3 0.3010 6 0.3010 7 0.3010
bala 8 0.7782
balance 0 1.0124
ball 0 0.6021 6 0.6021
ballot 6 0.7782
baluchistan 3 0.4771 6 0.4771 7 0.4771
bambang 7 0.7782
bamiyan 1 0.7782
ban 7 1.2466
bank 9 0.7782
banned 2 0.2341 3 0.3045 4 0.3045 5 0.2341 7 0.3045 8 0.2341
bannu 0 0.1845 1 0.1625 3 0.1845 5 0.1249 6 0.1249 7 0.2002 8 0.2002 9 0.1249
banu 9 0.7782
barack 0 0.0792 1 0.1170 2 0.0792 3 0.0792 4 0.0792 6 0.0792 7 0.1030 8 0.1030 9 0.0792
bari 9 1.0124
barneveld 0 0.7782
barracks 3 0.7782
barred 1 0.6021 3 0.7833
barrier 6 0.7782
barroso 5 0.7782
bars 1 0.6021 8 0.6021
base 0 0.3045 1 0.3750 3 0.4575 4 0.4575 6 0.2341 9 0.3977
baseball 0 1.0124
based 0 0.0792 1 0.1030 2 0.1170 4 0.0792 5 0.1030 6 0.1170 7 0.1030 8 0.1030 9 0.1345
baseless 2 0.6021 5 0.6021
basement 4 0.6021 9 0.6021
bases 1 0.3010 2 0.3010 5 0.3010 6 0.3010 8 0.3010
basilica 9 1.0124
basis 2 0.3916 6 0.3010 7 0.3010 8 0.3916 9 0.3010
basketball 1 0.7782
basque 4 0.7782
bath 2 0.7782
baton 4 0.7782
batsman 8 0.7782
batting 8 1.0124
battle 0 0.0792 1 0.1030 2 0.1030 3 0.0792 4 0.1170 5 0.1030 6 0.0792 7 0.0792 8 0.0792
battles 9 0.7782
battling 0 0.7782
bauer 4 1.0124
baunu 9 0.7782
baxter 0 0.7782
bay 0 1.2466
bb 0 0.7782
bbc 0 0.6021 7 0.6021
be 0 0.0642 1 0.0852 2 0.0811 3 0.0771 4 0.0906 5 0.0719 6 0.0771 7 0.0799 8 0.0885 9 0.0906
beach 5 1.0124
beaches 5 0.7782
beachside 0 0.7782
bearer 1 0.6021 8 0.6021
beat 0 0.4771 3 0.4771 4 0.4771
beating 0 0.6021 3 0.6021
became 0 0.6021 7 0.6021
because 0 0.0605 1 0.0378 2 0.0558 3 0.0605 4 0.0492 5 0.0558 6 0.0558 7 0.0642 8 0.0672 9 0.0605
become 0 0.1249 1 0.1845 2 0.1625 4 0.1625 6 0.1625 7 0.1249 8 0.1625 9 0.1625
becomes 1 1.0124
becoming 1 0.6021 6 0.6021
bed 5 0.7782
beds 1 0.7782
been 0 0.0811 1 0.0756 2 0.0799 3 0.0811 4 0.0786 5 0.0771 6 0.0899 7 0.0786 8 0.0799 9 0.0822
before 0 0.0605 1 0.0492 2 0.0378 3 0.0378 4 0.0605 5 0.0492 6 0.0642 7 0.0378 8 0.0605 9 0.0642
began 0 0.3750 1 0.2341 3 0.2341 6 0.3750 8 0.2341 9 0.2341
beginning 2 0.3010 3 0.4447 4 0.3916 5 0.4447 8 0.3010
begins 3 0.6021 5 0.6021
begun 2 0.4947 3 0.3802 4 0.6460 9 0.3802
behaved 2 0.7782
behind 0 0.0492 1 0.0492 2 0.0378 3 0.0492 4 0.0378 5 0.0642 6 0.0492 7 0.0378 8 0.0492 9 0.0378
being 0 0.0672 1 0.0697 2 0.0697 3 0.0605 4 0.0558 5 0.0719 6 0.0605 7 0.0558 8 0.0492 9 0.0378
beings 7 0.6021 9 0.6021
beirut 3 0.7782
belgrade 5 1.0124
believe 8 0.6021 9 0.6021
believed 0 0.2002 1 0.1845 2 0.1249 3 0.1249 4 0.1249 5 0.2002 6 0.1625 9 0.1845
bell 8 0.7782
bells 6 0.6021 9 0.6021
belong 7 0.7782
below 5 0.6021 9 0.6021
belt 3 0.6021 7 0.6021
belts 4 0.7782
ben 0 0.9645 6 0.7833
benedict 2 0.3802 6 0.4947 7 0.4947 9 0.7015
benefit 0 0.4771 1 0.4771 5 0.4771
benefits 4 1.0124
bengal 5 0.7782
berlin 5 0.6021 9 0.6021
beset 4 0.7782
besiege 1 0.6021 2 0.6021
besiktas 4 0.7782
best 0 0.2341 1 0.3045 3 0.3045 4 0.2341 6 0.4779 8 0.2341
better 0 0.1030 1 0.0792 3 0.0792 4 0.0792 5 0.0792 6 0.0792 7 0.0792 8 0.0792 9 0.0792
between 0 0.0492 1 0.0605 2 0.0558 3 0.0492 4 0.0378 5 0.0605 6 0.0492 7 0.0672 8 0.0697 9 0.0558
beyond 1 0.4771 3 0.4771 6 0.6207
bicentenary 5 1.0124
bid 1 0.4771 6 0.7644 7 0.7048
bidding 0 0.7782
bids 7 0.7782
bienvenue 0 0.7782
big 0 0.1249 1 0.1249 2 0.1249 3 0.1625 4 0.1625 5 0.1249 6 0.1249 7 0.1249
bigger 1 0.7782
biggest 1 0.4447 2 0.3010 4 0.3010 7 0.3010 9 0.3010
bihar 6 0.7782
bikes 4 0.7782
bilateral 0 0.6021 1 0.6021
bild 9 0.7782
bill 0 0.7782
billing 4 0.7782
billion 1 0.7782
billionaire 3 0.7782
bills 0 0.7782
biological 6 0.7782
birmingham 3 0.6021 4 0.6021
birth 5 0.7782
birthplace 6 1.0124
bischofshofen 5 0.6021 7 0.6021
bishop 9 0.7782
bit 1 0.6021 6 0.7833
bittani 0 0.3802 1 0.3802 3 0.3802 6 0.3802
bitter 1 0.4771 2 0.4771 3 0.4771
bitterly 9 0.7782
bjoergen 4 0.7782
bjorn 6 0.7782
black 0 0.1249 1 0.1249 3 0.1249 4 0.1845 6 0.1249 7 0.1249 8 0.1249 9 0.1845
blackhawks 0 1.0124
blackwater 0 0.1625 2 0.2598 3 0.3017 4 0.2787 5 0.2719 7 0.2641 8 0.2499 9 0.2598
blaine 8 0.7782
blame 1 0.6021 8 0.6021
blamed 0 0.1845 1 0.1625 2 0.1845 3 0.2002 5 0.1249 6 0.1625 7 0.1249 9 0.1249
blanket 6 0.7782
blast 0 0.1030 1 0.1269 2 0.1030 3 0.1269 4 0.0792 6 0.1269 7 0.1408 8 0.1507 9 0.1547
blaze 4 1.0124
blessing 9 1.0124
blew 0 0.1030 1 0.1030 2 0.1030 3 0.1345 5 0.0792 6 0.0792 7 0.1408 8 0.1345 9 0.1030
blighted 6 0.6021 8 0.6021
blind 1 0.7782
bloc 5 1.0124
block 4 0.6021 8 0.6021
blood 0 0.2291 1 0.1761 2 0.2291 3 0.2291 6 0.1761 7 0.1761 8 0.2291
bloodiest 2 0.3045 3 0.2341 4 0.2341 5 0.2341 7 0.3045 8 0.2341
bloody 0 0.3010 1 0.3010 3 0.3916 5 0.3010 9 0.3010
bloomberg 3 1.5563
blow 1 0.4447 2 0.3010 3 0.3010 6 0.5353 7 0.3010
blows 0 0.3010 1 0.4447 2 0.5114 3 0.3010 7 0.3010
blue 0 0.3802 1 0.3802 3 0.3802 6 0.3802
blues 0 0.9645 2 0.7833
bmw 5 1.0124
bnei 0 0.7782
boarded 4 1.0124
boarding 1 0.6021 4 0.7833
boasting 1 1.0124
boateng 3 0.7782
bobby 0 1.2466
bodies 0 0.2992 1 0.2601 3 0.2291 5 0.1761 6 0.2291 7 0.2291 9 0.2291
bodmer 5 0.7782
body 0 0.3010 2 0.3010 3 0.3916 6 0.4823 9 0.5353
bodyguards 0 0.4947 1 0.4947 4 0.4947 5 0.4947
bogdan 5 0.7782
bogota 0 0.4771 2 0.4771 5 0.4771
bolivarian 2 0.6021 5 0.6021
bollywood 5 0.7782
bolshevik 8 0.7782
bolton 0 0.7782
bomb 0 0.0642 1 0.0799 2 0.0738 3 0.0719 4 0.0492 5 0.0378 6 0.0697 7 0.0672 8 0.0672 9 0.0558
bombed 3 0.7782
bomber 0 0.0756 1 0.0697 2 0.0786 3 0.0719 4 0.0558 5 0.0378 6 0.0378 7 0.0738 8 0.0642 9 0.0672
bombers 1 0.6021 2 0.6021
bombing 0 0.1249 1 0.2002 2 0.2002 3 0.1625 6 0.1845 7 0.1845 8 0.1625 9 0.1845
bombings 0 0.1249 1 0.1249 2 0.1845 3 0.1249 6 0.2002 7 0.1845 8 0.1625 9 0.2222
bombmaker 1 0.7782
bombs 1 0.3802 2 0.4947 6 0.3802 9 0.3802
bone 5 0.7782
bones 9 1.0124
bongo 4 0.7782
bonus 2 0.7833 4 0.6021
book 1 0.7782
boom 5 0.6021 9 0.6021
boon 0 0.7782
boost 1 0.7782
boosted 0 1.0124
bordeaux 4 1.0124
border 0 0.2123 1 0.1845 2 0.1249 3 0.2002 4 0.1845 6 0.2002 7 0.1625 9 0.1845
borders 0 0.3045 1 0.2341 3 0.2341 5 0.2341 7 0.2341 9 0.3045
born 4 0.4771 5 0.4771 6 0.4771
boss 2 0.7833 4 0.6021
boston 0 1.5563
both 0 0.1845 1 0.1625 2 0.1249 3 0.1845 5 0.1249 6 0.1249 7 0.1249 8 0.1249
bottles 4 0.7782
boucher 8 0.7782
bougherra 3 0.7782
bought 2 0.7782
boulders 0 0.7782
bound 1 0.3802 4 0.4947 6 0.4947 9 0.3802
boundaries 7 1.0124
bowler 8 0.7782
bowlers 8 0.7782
box 0 0.6021 6 0.7833
boy 4 0.7782
boyd 3 1.4809
boydy 3 0.7782
bragging 9 0.7782
brain 7 0.7782
brains 7 0.7782
brake 6 0.7782
brand 1 0.7782
brave 2 0.3802 3 0.4947 4 0.3802 5 0.6091
brazil 1 0.6207 6 0.6207 7 0.6207
brazilian 0 0.6021 7 0.6021
breach 7 0.7782
breached 4 0.6021 9 0.6021
break 0 0.6207 5 0.4771 8 0.4771
breaking 3 0.6021 8 0.6021
breakthrough 3 0.7782
breeches 1 1.0124
bremer 3 0.7782
brennan 1 0.7782
brian 0 1.2466
brice 4 0.7782
bridge 3 0.6021 6 0.6021
brief 6 0.7782
bright 0 0.3802 1 0.3802 3 0.3802 6 0.3802
brilliant 2 0.7782
brimmed 1 1.0124
bring 0 0.2341 2 0.3750 3 0.3750 4 0.4779 5 0.2341 6 0.2341
bringing 0 0.4447 2 0.3010 4 0.3010 6 0.3010 9 0.3010
brings 1 1.0124
britain 0 0.0492 1 0.0605 2 0.0558 3 0.0558 4 0.0738 5 0.0378 6 0.0605 7 0.0558 8 0.0378 9 0.0605
british 0 0.1625 1 0.2002 2 0.1249 4 0.2123 5 0.1625 6 0.2305 7 0.2378 9 0.1845
briton 0 0.3045 1 0.3045 2 0.2341 5 0.3045 7 0.3458 8 0.2341
britons 0 0.2291 1 0.2291 2 0.1761 4 0.2291 5 0.2291 7 0.1761 8 0.2291
brize 0 0.4771 1 0.4771 4 0.7048
broad 6 0.4771 8 0.4771 9 0.4771
broadcast 4 0.7048 5 0.8106 7 0.4771
broadcaster 2 0.7048 3 0.7048 4 0.6207
broader 9 0.7782
brodin 4 1.0124
broker 2 0.4771 7 0.4771 8 0.6207
brooks 0 1.0124
brother 2 0.4771 3 0.4771 9 0.4771
brought 4 0.4771 8 0.6207 9 0.7048
brown 0 0.2291 1 0.2992 2 0.1761 4 0.1761 6 0.3661 7 0.2821 9 0.2821
bruins 0 1.4358
brun 4 1.0124
brunt 0 0.3010 1 0.3010 3 0.3010 6 0.3010 7 0.3010
brush 6 0.7782
brussels 8 0.7782
bt 0 1.2466
bubi 4 0.7782
bucharest 6 1.0124
buddhism 3 0.7782
buddhist 1 0.7782
buenos 4 0.7833 5 0.7833
buffalo 0 1.2466
bug 3 0.7782
build 3 0.2341 4 0.2341 5 0.2341 7 0.2341 8 0.2341 9 0.3458
building 0 0.3010 1 0.4823 3 0.3010 4 0.3010 5 0.4447
buildings 0 0.4771 1 0.6207 2 0.4771
built 1 0.6021 5 0.7833
bulgaria 7 0.7782
bullets 6 0.6021 9 0.6021
buluk 8 0.7782
bundesbank 9 0.7782
bureau 3 0.6207 6 0.4771 9 0.4771
buried 0 0.4947 1 0.5616 6 0.5616 9 0.3802
burj 1 1.0124
burke 0 1.0124
burmese 1 0.7782
burn 1 0.7782
burned 4 0.7782
burning 4 0.7782
burnings 4 1.0124
burst 4 0.6021 6 0.6021
bus 9 1.0124
business 1 0.4771 3 0.4771 5 0.6207
bustling 1 1.0124
busy 1 0.1249 2 0.1845 3 0.1249 4 0.1625 5 0.1249 7 0.1625 8 0.1249 9 0.1625
but 0 0.0843 1 0.0878 2 0.0771 3 0.0756 4 0.0919 5 0.0697 6 0.0861 7 0.0833 8 0.0771 9 0.0852
buzek 8 1.0124
by 0 0.0870 1 0.0957 2 0.0941 3 0.0919 4 0.0852 5 0.0885 6 0.0941 7 0.0941 8 0.0957 9 0.0970
bystanders 6 0.6021 9 0.6021
byzantine 9 1.0124

