cabin 0 0.3010 1 0.3010 3 0.3010 6 0.3010 7 0.4447
cabinet 3 0.6021 4 0.6021
cairo 1 0.7782
cake 1 1.0124
calculations 8 0.7782
cali 1 1.0124
calibre 6 0.6021 9 0.6021
call 0 0.1249 1 0.2123 2 0.1845 3 0.1249 6 0.1625 7 0.1625 8 0.1845 9 0.1249
callahan 0 1.0124
called 1 0.1845 2 0.2002 3 0.1625 5 0.1249 6 0.2123 7 0.2222 8 0.1625 9 0.1845
calling 2 0.4771 5 0.4771 9 0.7048
calls 1 0.3010 2 0.3916 5 0.3010 6 0.4447 7 0.5114
calmed 2 0.4771 7 0.4771 8 0.6207
came 0 0.1845 1 0.1249 2 0.1249 3 0.1625 4 0.1249 5 0.2002 6 0.2002 7 0.1625
cameras 6 0.7782
cameroon 1 0.7782
cameroonians 1 0.7782
camp 4 0.3802 6 0.3802 7 0.3802 9 0.4947
campaign 0 0.0378 1 0.0378 2 0.0558 3 0.0558 4 0.0492 5 0.0378 6 0.0378 7 0.0605 8 0.0697 9 0.0378
campaigner 6 0.7782
campaigners 2 0.7782
campaigns 7 0.7782
can 0 0.0792 1 0.1408 2 0.1030 3 0.1345 4 0.1269 6 0.1170 7 0.1408 8 0.1408 9 0.0792
canada 0 0.3802 1 0.3802 5 0.3802 8 0.3802
canadians 6 0.7782
cancellation 4 0.6021 9 0.6021
cancelled 5 0.7833 9 0.6021
cancer 1 0.8484 3 0.4771 4 0.4771
candidate 2 0.6207 7 0.6207 8 0.7644
cannot 0 0.3802 4 0.3802 7 0.3802 9 0.3802
canon 4 0.7782
canterbury 6 0.6021 7 0.6021
cantini 5 0.6021 8 0.6021
cantona 2 0.7782
canucks 0 1.0124
capacity 0 1.0124
cape 8 0.7782
capita 2 0.4771 6 0.6207 9 0.6207
capital 0 0.0492 1 0.0642 2 0.0605 3 0.0492 4 0.0558 5 0.0378 6 0.0558 7 0.0378 8 0.0492 9 0.0492
capitala 3 0.7782
captain 8 1.0124
captivity 0 0.5616 1 0.4947 4 0.6460 5 0.4947
capture 0 0.6021 1 0.6021
captured 0 0.4947 1 0.5616 5 0.4947 8 0.3802
car 0 0.0719 1 0.0756 2 0.0756 3 0.0697 4 0.0492 5 0.0558 6 0.0378 7 0.0719 8 0.0492 9 0.0558
caracas 1 0.4771 2 0.4771 5 0.6207
carberry 8 1.0124
carbon 4 0.7782
card 2 0.3802 3 0.3802 7 0.3802 8 0.4947
cardiff 2 1.0124
cards 2 0.4771 7 0.4771 8 0.6207
career 3 0.9645 7 0.6021
caribbean 1 0.4771 2 0.4771 5 0.6207
caricaturing 6 0.7782
carl 0 1.0124
carlo 6 0.7782
carlos 0 0.5616 1 0.3802 4 0.3802 5 0.3802
carlsen 7 1.2466
carnegie 2 0.7782
carolina 2 0.2341 3 0.3045 4 0.2341 5 0.2341 7 0.2341 8 0.2341
carragher 4 0.7782
carrick 4 1.3837
carried 0 0.1625 2 0.1625 3 0.1249 4 0.1625 5 0.1845 7 0.2002 8 0.2002 9 0.1625
carrier 1 0.7833 4 0.7833
carries 2 0.7782
carry 6 0.3802 7 0.3802 8 0.3802 9 0.3802
carrying 0 0.3802 1 0.3802 5 0.3802 7 0.3802
cars 2 0.1625 3 0.1249 4 0.2222 5 0.1249 6 0.1249 7 0.1249 8 0.1249 9 0.1625
cartoon 6 0.7782
cartoonist 0 1.0124
cartoons 0 0.6021 6 0.6021
case 0 0.0792 1 0.0792 2 0.1030 3 0.1616 4 0.1345 5 0.1745 7 0.1269 8 0.1269 9 0.1461
cases 2 0.6021 7 0.6021
casualties 0 0.3010 4 0.3010 7 0.3916 8 0.3916 9 0.3010
catalonia 4 0.7782
catch 6 0.7782
catching 0 0.4771 1 0.4771 4 0.6207
catered 0 0.7782
cats 5 0.7782
caught 0 0.6021 7 0.6021
cause 2 0.3802 4 0.4947 7 0.4947 8 0.4947
caused 0 0.4447 3 0.3010 4 0.3916 7 0.3010 9 0.4447
causes 9 0.7782
causing 0 0.4771 7 0.4771 8 0.4771
caution 1 0.7782
cautioned 8 0.7782
cbn 0 1.0124
cd 4 0.7782
ceasefires 0 1.0124
cech 6 1.3221
celebrate 1 0.7833 5 0.6021
celebrated 5 0.7833 9 0.6021
celebrating 1 0.7782
celebration 0 0.7782
celebrations 1 0.2341 2 0.2341 4 0.3045 5 0.3458 6 0.3045 7 0.2341
celebrity 0 0.7782
celine 4 1.0124
celsius 9 0.7782
celtic 2 0.7644 3 0.8106 4 0.6207
cent 3 0.7782
center 0 0.6021 3 0.6021
centering 0 0.7782
centimetres 5 0.6021 8 0.6021
central 1 0.3045 2 0.2341 4 0.3045 6 0.2341 8 0.3458 9 0.2341
centre 1 0.8893 9 0.6021
centres 8 0.7782
centuries 1 0.7782
century 5 0.4771 8 0.4771 9 0.8106
ceo 3 0.7833 5 0.9645
ceremonies 1 0.7782
ceremony 3 0.6207 6 0.7048 7 0.6207
certain 2 0.7782
certainly 0 0.4771 1 0.4771 5 0.4771
ch 0 0.7782
chad 4 0.6021 6 1.0706
chadian 6 0.7782
chair 9 0.7782
chairman 3 0.6021 5 0.7833
chairmanship 9 0.7782
chalets 1 0.7782
challenge 1 0.4447 3 0.3916 7 0.3010 8 0.3010 9 0.3010
challenged 6 0.7782
challenger 2 0.3010 3 0.3010 4 0.3916 7 0.3010 8 0.3916
challenges 2 0.4771 6 0.6207 7 0.4771
chamakh 4 1.1494
champ 0 0.7782
champion 0 0.3010 3 0.3010 4 0.3916 5 0.3916 7 0.4447
champions 2 0.5616 4 0.6761 5 0.3802 6 0.4947
championship 2 0.3802 3 0.4947 5 0.3802 6 0.3802
championships 0 0.7833 5 0.6021
chan 2 0.6021 7 0.6021
chance 0 0.5616 1 0.3802 3 0.3802 5 0.3802
chances 0 0.6021 3 0.6021
change 1 0.1625 2 0.1249 3 0.1625 5 0.1249 6 0.1625 7 0.2123 8 0.2123 9 0.1249
changeable 0 0.7782
changed 3 0.5616 5 0.3802 6 0.3802 7 0.4947
changes 1 0.7782
channel 2 0.6021 3 0.6021
chapman 3 0.6207 4 0.4771 9 0.4771
character 9 0.7782
charge 5 0.7782
charged 0 0.0492 1 0.0378 2 0.0492 3 0.0558 4 0.0558 5 0.0642 6 0.0378 7 0.0492 8 0.0492 9 0.0492
charges 0 0.1625 2 0.2222 3 0.2442 4 0.2499 5 0.2598 7 0.2305 8 0.2378 9 0.2305
charging 0 0.3916 3 0.3010 5 0.3916 6 0.3010 9 0.3010
charity 3 0.4771 6 0.4771 9 0.4771
charlie 0 1.2466
charsadda 1 0.6021 2 0.6021
chavez 2 0.6021 5 0.6021
checkpoint 1 0.7833 2 0.6021
checkpoints 5 0.7782
cheer 5 0.7782
chelsea 0 0.3010 1 0.3010 3 0.3010 4 0.3010 6 0.3916
chemical 1 1.1494
chess 7 1.2466
chez 0 0.7782
chiba 6 0.7782
chicago 0 1.2466
chidi 0 0.7782
chief 0 0.0605 1 0.0558 2 0.0605 3 0.0672 4 0.0378 5 0.0605 6 0.0605 7 0.0672 8 0.0719 9 0.0642
child 0 0.7782
children 0 0.1625 1 0.1625 2 0.1249 3 0.1249 6 0.1625 7 0.1845 8 0.1249 9 0.2002
chile 1 0.7833 5 0.7833
chileans 1 0.7782
china 2 0.3802 3 0.5616 4 0.3802 7 0.3802
chinese 1 0.4771 2 0.4771 5 0.4771
chirac 0 0.7782
choice 1 0.3010 4 0.3010 5 0.3010 6 0.3010 9 0.3010
chong 1 1.0124
choose 8 0.7782
choosing 3 0.7782
chopin 5 1.5207
chorus 5 0.6021 8 0.6021
chris 0 0.8893 7 0.6021
christened 5 1.0124
christianity 9 0.7782
christmas 1 0.3977 4 0.2341 5 0.2341 6 0.4162 8 0.3045 9 0.3977
chrono 2 0.7782
church 9 0.7782
cia 2 0.3802 3 0.7236 4 0.8037 9 0.8274
circumstances 8 0.6021 9 0.6021
cited 3 0.7782
cities 1 0.3010 2 0.3010 6 0.4823 7 0.3916 8 0.4447
citing 4 0.4771 8 0.4771 9 0.4771
citizens 2 0.3802 3 0.3802 4 0.5616 5 0.3802
city 0 0.0738 1 0.0672 2 0.0697 3 0.0719 4 0.0642 5 0.0558 6 0.0605 7 0.0378 8 0.0558 9 0.0605
civil 0 0.4771 1 0.6207 9 0.4771
civilian 2 0.4823 3 0.3010 6 0.4447 8 0.5353 9 0.3916
civilians 0 0.0378 1 0.0492 2 0.0697 3 0.0697 4 0.0719 5 0.0605 6 0.0558 7 0.0697 8 0.0756 9 0.0672
civilisations 9 0.7782
claim 2 0.6021 3 0.6021
claimed 0 0.2291 1 0.2291 4 0.1761 5 0.1761 7 0.1761 8 0.2821 9 0.2291
claiming 8 0.7782
claims 1 1.0124
clarke 0 0.7782
clash 0 0.8893 4 0.6021
clashes 1 0.3010 2 0.3010 7 0.3010 8 0.4823 9 0.3010
class 0 0.7782
classic 0 0.9645 4 0.7833
classical 4 0.7782
classics 4 0.7782
classroom 9 0.7782
claudia 5 0.7782
clean 5 0.7782
cleansing 5 0.7782
clear 0 0.7644 4 0.4771 9 0.4771
clearance 0 1.0124
cleared 8 0.6021 9 0.6021
clearly 2 0.3802 7 0.4947 8 0.5616 9 0.4947
clears 2 0.6021 7 0.6021
clegg 0 1.0124
clemency 7 0.7782
cleric 2 0.7048 7 0.6207 8 0.6207
clever 0 0.7782
climate 3 0.4771 6 0.6207 9 0.4771
clinics 1 0.7782
clint 1 0.7782
cloaked 4 0.6021 9 0.6021
clock 1 0.7782
close 0 0.1170 1 0.0792 3 0.0792 4 0.0792 5 0.1030 6 0.0792 7 0.0792 8 0.0792 9 0.1030
closed 4 0.6021 9 0.6021
closure 2 0.4771 7 0.4771 8 0.6207
closures 2 0.4771 7 0.4771 8 0.6207
club 0 0.2601 1 0.1761 2 0.1761 3 0.2821 4 0.2291 6 0.2992 7 0.2821
clubs 1 0.8893 7 0.6021
co 0 0.6021 5 0.7833
coach 0 0.4947 6 0.6091 7 0.3802 8 0.4947
coached 5 0.6021 6 0.6021
coaching 7 0.7782
coalition 3 0.3802 6 0.4947 7 0.4947 9 0.3802
coast 2 0.4771 5 0.4771 9 0.6207
coaster 2 0.7782
coffee 1 1.0124
cohen 0 1.2466
cold 1 0.4771 5 0.4771 9 0.4771
collaboration 8 0.7782
collapse 9 0.7782
collapsed 0 0.2601 1 0.2291 2 0.1761 3 0.2601 6 0.1761 7 0.2291 8 0.1761
colleague 2 0.6021 3 0.6021
colleagues 1 0.3010 2 0.3010 6 0.3010 7 0.3010 9 0.3010
collect 4 0.6021 9 0.6021
collection 1 0.7782
collingwood 8 1.3837
cologna 4 1.1494
colombia 0 0.3802 1 0.3802 2 0.4947 5 0.4947
colombian 0 1.0124
colomiers 1 0.7782
colon 5 0.7782
colonel 0 0.6021 8 0.6021
colonic 5 0.7782
colonies 5 0.7782
colony 1 0.6021 4 0.6021
colorado 0 0.8893 1 0.7833
colour 6 0.6021 9 0.6021
colourful 5 0.6021 8 0.6021
coma 4 0.7782
comaback 7 0.7782
comb 0 0.7833 1 0.6021
combat 1 0.3045 2 0.3045 3 0.3045 4 0.2341 5 0.4162 8 0.2341
combating 1 0.4771 2 0.4771 6 0.4771
combatting 7 1.0124
combination 5 0.7782
come 0 0.1761 3 0.1761 4 0.2291 5 0.1761 6 0.2291 8 0.2291 9 0.2291
comeback 5 0.7782
comedian 0 0.7782
comes 0 0.1761 3 0.2291 4 0.2601 5 0.2601 6 0.2291 7 0.2601 9 0.1761
comfortably 9 0.7782
coming 0 1.0124
command 6 0.7644 7 0.7644 8 0.6207
commander 0 0.1249 1 0.1249 2 0.1249 5 0.1845 6 0.1845 7 0.1845 8 0.1249 9 0.1249
commemorative 1 0.7782
comment 4 0.4771 8 0.4771 9 0.4771
commentators 0 0.3802 1 0.3802 3 0.3802 5 0.3802
comments 2 0.2341 5 0.2341 6 0.3750 7 0.2341 8 0.3045 9 0.3045
commission 5 0.7782
commissioner 3 0.6021 6 0.6021
commitments 6 0.6021 7 0.6021
committed 2 0.3916 3 0.3010 5 0.3010 7 0.3916 8 0.3010
committee 0 0.3802 1 0.3802 2 0.3802 7 0.4947
common 5 0.6021 9 0.6021
communications 1 0.7782
communities 9 0.7782
community 1 0.1761 2 0.2291 3 0.1761 5 0.2291 6 0.2291 7 0.1761 8 0.1761
companies 1 0.3010 5 0.3010 7 0.3916 8 0.3010 9 0.3010
company 2 0.2821 3 0.3522 4 0.2601 5 0.3441 7 0.2601 8 0.2291 9 0.2291
compared 2 0.4771 4 0.4771 5 0.4771
compassionate 2 0.4771 7 0.4771 8 0.6207
compatriot 3 0.4771 5 0.4771 7 0.4771
compelled 3 0.6021 5 0.7833
compete 5 0.7782
competing 4 0.7782
competition 0 0.5616 1 0.3802 3 0.3802 6 0.4947
competitions 0 1.0124
competitive 4 0.7782
competitors 4 0.7782
compiled 2 0.7048 5 0.4771 6 0.6207
complain 5 0.7782
complained 5 0.7782
complaining 9 0.7782
complaint 5 1.3221
complete 1 0.4771 7 0.4771 8 0.4771
completed 1 0.7782
completely 8 0.7833 9 0.6021
compliance 8 0.7782
compliant 5 0.7782
complicated 4 0.7782
complications 7 0.7782
composer 4 0.7833 5 0.7833
composition 8 0.7782
compound 1 0.4771 2 0.4771 3 0.4771
compromise 2 0.4771 7 0.4771 8 0.6207
computer 0 0.3802 1 0.3802 4 0.5616 5 0.3802
concealed 9 0.7782
concealing 1 0.4771 6 0.4771 9 0.4771
conceded 4 0.7782
conceding 9 0.7782
conceived 0 0.7782
concentrate 8 0.7782
concepts 9 0.7782
concern 4 0.4771 8 0.4771 9 0.6207
concerned 4 0.6207 8 0.4771 9 0.4771
concerning 9 0.7782
concerns 1 0.4947 5 0.3802 7 0.3802 9 0.3802
concert 4 1.1109 5 0.7833
concerts 5 0.7782
concession 2 0.3010 3 0.3010 4 0.3010 5 0.3010 7 0.3010
conclude 2 0.6021 5 0.6021
concluded 4 0.7782
conclusions 8 0.7782
condemn 2 0.3802 3 0.3802 5 0.3802 7 0.3802
condemned 0 0.3802 1 0.4947 3 0.4947 7 0.3802
condemns 3 0.6021 8 0.6021
condition 1 0.2341 2 0.2341 3 0.2341 4 0.3750 7 0.3045 9 0.2341
conditioned 8 0.7782
conditions 0 0.3010 1 0.3010 4 0.3010 6 0.3010 9 0.4823
condolences 9 0.7782
conduct 1 0.4771 4 0.4771 9 0.4771
conducted 4 0.7782
conducting 4 0.4771 8 0.4771 9 0.4771
conductor 4 1.1494
confederation 1 0.7782
conference 1 0.2341 5 0.2341 6 0.3458 7 0.3045 8 0.2341 9 0.2341
confessed 1 0.7782
confidence 6 0.7782
confidently 2 0.7782
confirm 1 0.1761 2 0.1761 3 0.2291 4 0.1761 5 0.1761 7 0.2291 8 0.2291
confirmed 0 0.1761 2 0.2291 3 0.1761 4 0.2821 6 0.1761 7 0.1761 9 0.2601
confiscated 7 0.7782
confiscation 7 0.7782
conflict 6 0.7782
congo 2 0.3802 4 0.3802 7 0.3802 8 0.6091
congolese 3 0.4771 7 0.4771 8 0.8106
congratulations 2 0.4771 7 0.4771 8 0.6207
connacht 2 1.0124
connected 2 0.7782
consciences 9 0.7782
consequences 8 0.7782
consider 2 0.4771 7 0.4771 8 0.6207
considerable 2 0.4771 6 0.6207 7 0.4771
considers 2 0.4771 7 0.4771 8 0.6207
consistently 0 0.7782
constant 6 0.7782
constitution 1 0.3802 2 0.4947 7 0.4947 8 0.6091
constitutional 3 0.6021 5 0.7833
construction 1 0.6207 8 0.4771 9 0.4771
constructive 2 0.4771 7 0.4771 8 0.6207
consult 1 1.0124
consults 1 0.7782
consumer 1 0.7782
consumption 9 0.7782
contact 2 0.4771 3 0.4771 5 0.4771
contacts 5 0.7782
contador 4 1.1494
containers 4 0.7782
contenders 4 0.7782
contest 0 0.7833 6 0.6021
continent 4 0.7782
contingent 5 0.7782
continue 1 0.0792 2 0.1030 3 0.1170 4 0.0792 5 0.0792 6 0.1030 7 0.0792 8 0.0792 9 0.1269
continued 0 0.7833 1 0.6021
continues 2 0.3045 3 0.2341 5 0.2341 6 0.3458 7 0.2341 9 0.3045
continuing 5 0.7782
contract 3 0.4771 4 0.4771 6 0.4771
contractors 2 0.3010 3 0.3916 4 0.3010 5 0.3010 7 0.3010
contracts 2 0.2341 3 0.3045 4 0.2341 5 0.2341 7 0.2341 8 0.2341
contributed 6 0.6021 7 0.6021
contributing 9 0.7782
contribution 1 0.7782
control 1 0.3802 4 0.3802 8 0.4947 9 0.3802
controlled 1 0.4771 3 0.4771 8 0.4771
controls 2 0.3802 6 0.3802 7 0.3802 9 0.3802
controversial 0 0.4771 3 0.4771 7 0.4771
controversially 3 0.7782
controversies 3 0.7782
controversy 0 0.2341 1 0.2341 2 0.2341 3 0.2341 5 0.2341 7 0.2341
conventional 3 1.0124
conversion 0 1.0124
conviction 2 0.7782
convoy 2 0.1761 3 0.2291 4 0.2291 5 0.1761 7 0.1761 8 0.1761 9 0.2291
cook 8 0.7782
cooks 1 0.7782
cooperate 6 0.6021 9 0.6021
cooperation 6 0.4771 7 0.4771 9 0.6207
coordinated 2 0.6207 6 0.6207 9 0.6207
coordinating 1 0.6021 6 0.7833
coordination 4 0.4771 6 0.4771 9 0.4771
copacabana 5 0.7782
cope 1 0.4947 3 0.3802 6 0.3802 7 0.4947
copenhagen 0 0.7782
cordoned 2 1.0124
corner 1 0.7782
corporation 9 0.7782
corps 9 0.7782
corruption 0 0.6021 4 0.8893
costume 8 0.7782
could 1 0.2341 4 0.2341 5 0.3750 6 0.3458 7 0.3458 9 0.3458
couldn 0 0.6207 1 0.4771 5 0.4771
council 1 0.3802 3 0.3802 8 0.5616 9 0.3802
count 2 0.4771 6 0.4771 9 0.4771
counted 4 0.7782
counter 1 0.3802 3 0.3802 5 0.4947 6 0.4947
counternarcotics 2 0.7782
counties 9 0.7782
counting 4 0.7782
countries 0 0.0792 1 0.1030 2 0.1170 3 0.0792 4 0.1269 5 0.1170 6 0.1269 7 0.1269 9 0.1030
country 0 0.0642 1 0.0738 2 0.0756 3 0.0642 4 0.0719 5 0.0642 6 0.0738 7 0.0738 8 0.0697 9 0.0719
counts 4 0.4771 5 0.4771 9 0.4771
coup 6 0.7782
couple 2 0.7782
courageous 5 0.7782
course 0 0.3010 4 0.3010 6 0.3010 8 0.3010 9 0.3010
court 1 0.0792 2 0.1269 3 0.1170 4 0.1345 5 0.1345 6 0.1269 7 0.1345 8 0.0792 9 0.1408
courts 4 0.7782
cousin 2 0.6021 3 0.6021
cover 0 0.3802 1 0.3802 5 0.3802 8 0.3802
coverage 1 0.6021 4 0.7833
covered 0 0.7833 5 0.6021
covering 0 1.0124
covert 3 0.4771 4 0.4771 9 0.4771
coveted 3 0.6021 4 0.6021
cowboys 1 1.2466
crack 7 0.7782
crackdown 2 0.6207 7 0.6207 8 0.6207
cracking 4 0.6021 8 0.6021
craft 0 0.3802 1 0.3802 3 0.3802 6 0.3802
craig 0 0.7782
crammed 5 0.7782
create 3 0.6021 7 0.6021
created 2 0.3802 7 0.3802 8 0.4947 9 0.3802
creating 0 0.2341 2 0.2341 6 0.3045 7 0.2341 8 0.3045 9 0.2341
credit 0 0.7782
creswell 0 0.4771 1 0.4771 5 0.4771
crew 1 1.2466
cricket 8 0.7782
cricketer 8 0.7782
crime 2 0.6460 3 0.3802 7 0.4947 8 0.3802
criminal 0 0.1249 2 0.1625 3 0.1845 4 0.1625 5 0.1845 7 0.1249 8 0.1625 9 0.2123
criminals 2 0.3010 3 0.3010 5 0.3916 7 0.3916 8 0.3916
crippled 1 0.7782
crippling 1 0.7782
crises 7 0.7782
crisis 1 0.1761 2 0.2601 3 0.1761 6 0.1761 7 0.2601 8 0.3249 9 0.1761
critical 1 1.0124
criticised 2 0.6021 7 0.6021
criticism 3 0.3802 6 0.3802 7 0.3802 8 0.3802
critics 3 0.6021 5 0.6021
croatia 5 1.4358
croatian 5 0.7782
cross 0 0.3010 1 0.3010 3 0.3010 6 0.3916 7 0.3010
crossfire 0 0.7782
crowd 0 0.1845 1 0.1249 2 0.1625 3 0.2002 4 0.1249 5 0.1625 6 0.1249 7 0.2002
crowded 0 0.3802 1 0.5616 2 0.4947 3 0.3802
crowding 4 0.7782
crowds 1 0.7782
crown 4 0.6021 5 0.6021
cru 4 0.7782
crucial 4 0.3802 6 0.3802 8 0.3802 9 0.3802
crushing 0 0.1761 1 0.1761 3 0.2601 5 0.1761 7 0.1761 8 0.2291 9 0.1761
cska 0 0.7782
cub 5 0.7782
cubs 0 0.7782
cueto 0 1.0124
cuisine 1 0.7782
cultivate 9 0.7782
culture 1 0.1249 2 0.1249 3 0.1625 4 0.1625 5 0.2550 7 0.1249 8 0.1249 9 0.1845
cup 0 0.2123 1 0.2499 2 0.1625 3 0.2222 4 0.2499 5 0.1845 6 0.2123 7 0.1625
curacao 1 0.4771 2 0.6207 5 0.6207
current 2 0.2341 4 0.2341 6 0.3045 7 0.2341 8 0.2341 9 0.2341
currently 0 0.2341 1 0.3458 2 0.2341 4 0.2341 5 0.2341 8 0.2341
custody 0 0.4947 1 0.4947 5 0.4947 8 0.3802
customers 4 0.7782
customs 7 0.7782
cut 0 0.6207 1 0.4771 5 0.4771
cuts 9 0.7782
cycling 4 1.0124
cze 4 1.0124
czech 0 0.7782

