ian 8 0.7782
ibc 2 0.8803 6 0.8803 9 0.7644
ibrahim 6 0.6021 9 0.6021
ibrox 3 0.6021 4 0.6021
icasualties 2 0.4771 4 0.4771 5 0.4771
ice 0 0.8803 8 0.6207 9 0.6207
icon 8 1.0124
iconic 6 1.0124
icy 5 0.6021 8 0.6021
idea 8 0.7782
ideal 4 0.7782
ideas 3 1.0124
identifying 1 0.6021 6 0.7833
idriss 6 0.7782
idyllic 0 1.0124
if 1 0.0792 2 0.1269 3 0.1030 4 0.1269 5 0.1030 6 0.1030 7 0.0792 8 0.1170 9 0.1408
ifj 2 1.0124
ifop 0 1.0124
ignalina 3 0.7782
ignite 1 0.7782
ii 8 0.7782
ikramuddin 8 0.7782
ilha 0 0.8893 1 0.6021
illegal 6 0.5616 7 0.3802 8 0.3802 9 0.5616
illegally 4 0.6021 7 0.6021
illness 6 0.6021 9 0.6021
illusionist 8 0.7782
image 1 0.4947 3 0.3802 5 0.5616 8 0.3802
images 1 0.8893 5 0.9645
immediate 4 0.4771 7 0.6207 9 0.4771
immediately 0 0.1845 1 0.1249 2 0.1249 3 0.1249 4 0.1625 5 0.1249 7 0.1249 8 0.1249
immigrants 3 0.7782
immigration 3 0.7782
immune 3 0.7782
immunity 2 0.2291 3 0.3249 4 0.2601 5 0.2821 7 0.2291 8 0.1761 9 0.2291
impact 2 0.4771 6 0.4771 9 0.4771
impaired 1 0.7782
implements 7 0.7782
importance 0 0.4771 6 0.6207 8 0.4771
important 0 0.3916 1 0.3010 4 0.3916 6 0.5353 9 0.3010
impossible 3 0.7782
impress 4 0.7782
impressive 0 0.7782
imprisoned 1 0.7782
improve 8 0.6021 9 0.6021
improved 1 0.3916 2 0.3010 3 0.3010 6 0.3916 9 0.3010
improvement 4 0.7782
improvements 2 0.4771 6 0.4771 9 0.6207
improving 1 0.3802 2 0.3802 6 0.3802 9 0.3802
impulsive 6 0.7782
impunity 8 0.7782
in 0 0.1184 1 0.1191 2 0.1182 3 0.1196 4 0.1193 5 0.1177 6 0.1207 7 0.1170 8 0.1193 9 0.1202
inaugural 0 0.7782
inaugurated 1 0.7782
inauguration 3 1.1494
incentive 1 0.7782
inches 0 0.6207 5 0.4771 8 0.4771
incident 0 0.1249 1 0.1249 2 0.1249 3 0.1249 4 0.1249 6 0.1625 8 0.1249 9 0.1625
incidents 2 0.1845 3 0.1249 4 0.1249 5 0.1249 6 0.1249 7 0.1625 8 0.1249 9 0.1249
include 0 0.2341 1 0.2341 5 0.3045 6 0.3458 8 0.2341 9 0.3045
included 1 0.3010 2 0.3010 6 0.3010 7 0.3010 8 0.3010
includes 0 1.0124
including 0 0.2002 3 0.1625 4 0.1249 5 0.1249 6 0.1625 7 0.1249 8 0.1625 9 0.1845
incoming 9 0.7782
incompatible 0 0.4771 1 0.4771 5 0.4771
increase 7 0.6021 8 0.6021
increased 1 0.4947 2 0.3802 6 0.3802 9 0.3802
increasing 1 0.7833 8 0.6021
increasingly 0 0.0792 1 0.0792 2 0.0792 3 0.1030 4 0.0792 6 0.1030 7 0.1030 8 0.0792 9 0.1170
incredible 0 0.6021 3 0.6021
incriminating 2 0.1761 3 0.2601 4 0.2291 5 0.2601 7 0.1761 8 0.1761 9 0.2291
incursions 2 0.7833 5 0.7833
independence 1 0.6021 5 0.8893
independent 2 0.2601 3 0.1761 4 0.1761 5 0.1761 6 0.2291 8 0.1761 9 0.1761
index 8 0.6021 9 0.6021
india 1 0.6021 4 0.6021
indian 1 0.4771 6 0.4771 7 0.4771
indians 1 1.0124
indicate 2 0.4771 6 0.6207 9 0.6207
indicated 6 0.6021 9 0.6021
indications 4 0.6021 9 0.6021
indictment 3 0.6021 5 0.7833
indictments 2 0.6021 7 0.6021
individual 9 0.7782
individuals 9 0.7782
indoctrinate 1 0.4771 6 0.4771 9 0.4771
indonesia 6 1.0124
indonesian 1 0.7833 7 0.6021
indonesians 1 0.7782
industry 7 0.6021 9 0.6021
inflame 0 0.3010 1 0.3010 3 0.3010 6 0.3010 7 0.3010
influence 8 0.7782
informant 3 0.7782
informants 3 0.7782
information 0 0.3802 1 0.5616 3 0.5616 9 0.3802
informed 5 0.7782
informer 4 0.6021 9 0.6021
infrastructure 1 1.0124
inga 8 0.7782
inhabitants 6 0.7782
initial 8 0.6021 9 0.7833
injure 9 0.7782
injured 0 0.2291 3 0.1761 4 0.3131 6 0.1761 7 0.2601 8 0.1761 9 0.2601
injuries 4 0.7048 6 0.4771 9 0.4771
injuring 8 0.6021 9 0.6021
injury 0 0.7048 3 0.7644 7 0.6207
inn 6 0.7782
innings 8 1.0124
innocent 2 0.2291 3 0.2291 4 0.2291 5 0.2291 7 0.2291 8 0.2291 9 0.2821
innocents 2 0.2341 3 0.2341 4 0.2341 5 0.2341 7 0.2341 8 0.2341
innsbruck 5 0.6021 7 0.6021
innumerable 2 0.4771 6 0.6207 7 0.4771
inquiries 7 0.6021 8 0.6021
ins 6 0.6021 9 0.6021
inserted 0 0.7782
inside 0 0.4771 5 0.4771 8 0.4771
insinuations 9 0.7782
insisted 5 0.6021 6 0.6021
insists 4 1.1494
instability 4 0.6021 6 0.6021
installation 3 1.1494
institutions 2 0.3802 3 0.3802 8 0.3802 9 0.3802
insurance 9 0.7782
insurgency 2 0.6021 3 0.6021
insurgent 2 0.6021 3 0.6021
insurgents 2 0.3010 3 0.3916 7 0.3916 8 0.4447 9 0.3010
intact 0 1.0124
intelligence 0 0.0792 1 0.1408 2 0.0792 3 0.1269 4 0.1170 5 0.0792 6 0.0792 8 0.0792 9 0.1269
intended 6 0.6021 9 0.7833
intends 4 0.7782
intense 4 0.7782
intent 9 0.7782
intention 2 0.4771 6 0.4771 9 0.4771
intercepted 1 0.7782
interest 4 1.0124
interested 4 0.6021 9 0.6021
interesting 4 0.7782
interests 3 0.4771 4 0.4771 9 0.4771
interfax 8 0.7782
interior 2 0.4771 4 0.4771 6 0.4771
international 0 0.0378 1 0.0672 2 0.0558 3 0.0378 4 0.0642 5 0.0558 6 0.0738 7 0.0642 8 0.0558 9 0.0558
internationals 0 1.0124
internet 2 0.7833 4 0.6021
interrogations 2 0.4771 7 0.4771 8 0.6207
interrupted 1 0.7782
intersection 3 0.6021 5 0.7833
intervene 2 0.4771 7 0.4771 8 0.6207
interview 2 0.3802 4 0.3802 6 0.3802 9 0.3802
intimidated 6 0.7782
into 0 0.0697 1 0.0719 2 0.0672 3 0.0672 4 0.0672 5 0.0605 6 0.0605 7 0.0756 8 0.0642 9 0.0719
inundating 0 0.6207 1 0.4771 6 0.4771
invaded 6 0.6021 7 0.6021
invasion 2 0.2442 3 0.2123 4 0.1249 5 0.2002 6 0.2123 7 0.2123 8 0.1845 9 0.1249
inventions 1 0.7782
investigated 6 0.7782
investigating 8 0.6021 9 0.6021
investigation 2 0.1249 3 0.2002 4 0.1625 5 0.1845 6 0.1249 7 0.1249 8 0.1249 9 0.1625
investigations 2 0.3916 4 0.3010 7 0.3010 8 0.3010 9 0.3010
investigative 3 0.7782
investigator 2 0.4771 6 0.6207 9 0.4771
investigators 4 0.6207 6 0.6207 9 0.6207
investigatory 3 0.6021 5 0.7833
investment 9 0.7782
invictus 1 0.7782
invited 1 0.4771 6 0.6207 9 0.4771
involve 2 0.2341 3 0.2341 4 0.2341 5 0.2341 7 0.2341 8 0.2341
involved 2 0.2341 3 0.2341 4 0.3458 6 0.3045 8 0.2341 9 0.3458
involvement 4 0.6021 9 0.6021
involves 1 0.7782
involving 2 0.2291 3 0.1761 4 0.1761 5 0.1761 6 0.1761 7 0.2291 8 0.1761
iran 0 0.2992 1 0.2992 2 0.2992 5 0.2992 7 0.2992 8 0.3131 9 0.2291
iranian 2 0.7048 7 0.7048 8 0.8106
iraq 0 0.0642 1 0.0672 2 0.0885 3 0.0870 4 0.0906 5 0.0931 6 0.0822 7 0.0913 8 0.0799 9 0.0843
iraqi 0 0.0492 1 0.0605 2 0.0719 3 0.0811 4 0.0786 5 0.0786 6 0.0492 7 0.0756 8 0.0697 9 0.0672
iraqis 1 0.1249 2 0.1249 3 0.1625 4 0.1249 5 0.2222 7 0.1625 8 0.1625 9 0.2002
iraqiya 2 0.6021 3 0.6021
ireland 6 0.6021 9 0.6021
irish 2 0.6021 9 0.7833
irna 2 0.6021 7 0.6021
iron 4 0.7782
ironically 5 0.7782
irrigation 5 0.7782
is 0 0.0913 1 0.0991 2 0.0811 3 0.0822 4 0.0919 5 0.0925 6 0.0952 7 0.0899 8 0.0833 9 0.0961
isaf 4 0.7833 9 0.6021
islam 0 0.6021 8 0.6021
islamabad 0 0.3916 1 0.3010 2 0.3010 3 0.3916 7 0.3010
islamic 1 0.3045 2 0.3045 3 0.2341 6 0.2341 7 0.3045 8 0.3750
islamist 0 0.2821 1 0.2601 2 0.1761 3 0.2601 5 0.1761 6 0.1761 7 0.2601
island 0 1.0229 1 0.6021
islands 0 0.3802 1 0.3802 2 0.3802 5 0.4947
isna 2 0.6207 7 0.6207 8 0.7644
isolation 1 0.7782
isr 0 1.0124
israel 0 0.8893 8 0.7833
israeli 0 0.7644 6 0.7048 8 0.4771
issa 1 0.7782
issue 2 0.4771 3 0.4771 8 0.4771
issued 5 0.7048 6 0.6207 9 0.7048
issues 1 0.3010 2 0.3010 6 0.3010 7 0.3916 9 0.3010
it 0 0.0799 1 0.0885 2 0.0878 3 0.0913 4 0.0925 5 0.0925 6 0.0861 7 0.0899 8 0.0919 9 0.0913
ita 4 1.2466
italian 6 0.6021 9 0.6021
italians 3 0.7782
italy 4 0.3010 5 0.3010 6 0.3010 8 0.3010 9 0.4447
item 1 1.0124
items 4 0.7782
itno 6 0.7782
its 0 0.0492 1 0.0738 2 0.0811 3 0.0811 4 0.0719 5 0.0852 6 0.0697 7 0.0756 8 0.0786 9 0.0719
itself 1 0.1249 2 0.1249 3 0.1625 4 0.1249 5 0.1625 7 0.1249 8 0.1249 9 0.1249

