jack 0 1.0124
jacob 6 0.7782
jacobsen 6 0.7782
jacqueline 5 0.7782
jacques 0 0.3802 4 0.3802 5 0.3802 8 0.4947
jadranka 5 0.7782
jafari 2 0.6021 7 0.6021
jafry 6 0.7782
jail 2 0.4947 7 0.4947 8 0.6091 9 0.3802
jailed 2 0.6021 6 0.6021
jailing 9 0.7782
james 0 0.7048 1 0.4771 8 0.4771
jamie 0 0.8893 4 0.6021
jams 1 0.7782
jan 0 0.0870 1 0.0786 2 0.0822 3 0.0822 4 0.0852 5 0.0822 6 0.0799 7 0.0822 8 0.0799 9 0.0822
janati 2 0.6021 7 0.6021
janeiro 0 0.6460 1 0.6091 5 0.3802 6 0.4947
janez 9 0.7782
janne 5 0.4771 6 0.7048 7 0.4771
january 0 0.0492 1 0.0843 2 0.0378 3 0.0672 4 0.0605 5 0.0605 6 0.0642 7 0.0672 8 0.0558 9 0.0378
japanese 6 0.6021 7 0.6021
jason 0 0.6207 1 0.6207 5 0.6207
jasper 6 0.7782
jaunt 7 0.7782
jealous 2 0.3802 6 0.4947 7 0.3802 9 0.4947
jealousy 6 0.6021 9 0.6021
jean 4 0.7833 8 0.6021
jellyfish 6 1.1494
jersey 0 1.4809
jerzy 8 0.7782
jesper 4 0.7782
jet 1 0.4771 4 0.6207 9 0.4771
jetliner 8 0.7782
jim 2 0.7782
jimenez 1 0.7782
jitters 1 0.7782
jo 7 1.3837
job 1 0.3045 2 0.2341 3 0.3458 5 0.2341 6 0.2341 8 0.2341
jobless 9 0.7782
jobs 0 0.7782
joe 0 1.0124
johan 6 0.7782
johann 4 0.7782
johannesburg 1 1.0124
john 0 0.4947 1 0.3802 3 0.3802 4 0.3802
johnson 0 1.2466
johnstone 4 1.0124
joi 8 0.7782
join 1 0.7833 3 0.6021
joined 0 0.3802 5 0.3802 7 0.3802 8 0.3802
joint 3 0.6021 8 0.6021
jointly 3 0.7782
jon 0 0.7782
jonathan 0 0.8893 8 0.6021
jones 0 1.0124
jonny 4 0.7782
jordan 0 0.4771 4 0.7048 5 0.6207
jose 0 0.6207 2 0.4771 5 0.6207
joseph 0 0.3010 2 0.3010 3 0.3916 4 0.3010 5 0.4447
jostle 5 0.7782
journal 0 0.7782
journalist 2 0.4947 3 0.3802 4 0.3802 9 0.3802
journalists 0 0.3010 2 0.6364 3 0.6145 4 0.5554 9 0.3010
journeyman 0 0.7782
journeys 9 0.7782
joyously 6 0.7782
jp 8 0.7782
judge 0 0.1030 1 0.0792 2 0.1408 3 0.1646 4 0.1461 5 0.1723 7 0.1269 8 0.1345 9 0.1547
judged 6 1.0124
judges 2 0.7833 7 0.7833
judicial 5 0.6021 8 0.6021
judiciary 2 0.7048 7 0.7048 8 0.7644
july 0 0.1249 1 0.1249 2 0.1249 3 0.1249 5 0.1249 6 0.1625 7 0.1845 8 0.1249
jump 5 0.6207 6 0.6207 7 0.6207
jumped 5 0.4771 6 0.4771 7 0.4771
jumping 5 0.6207 6 0.4771 7 0.4771
jumps 5 0.6021 7 0.6021
june 2 0.6091 6 0.3802 7 0.6460 8 0.7015
jungle 0 0.7833 1 0.6021
just 0 0.0672 1 0.0642 2 0.0378 3 0.0605 4 0.0605 5 0.0605 6 0.0738 7 0.0492 8 0.0558 9 0.0605
justice 0 0.0792 2 0.1461 3 0.1345 4 0.1547 5 0.1030 6 0.0792 7 0.1030 8 0.0792 9 0.1030
justifications 6 0.6021 9 0.6021
justyna 4 0.8893 5 0.6021

