oath 3 0.7782
obafemi 0 0.7782
obama 0 0.0792 1 0.1547 2 0.0792 3 0.0792 4 0.1170 6 0.0792 7 0.1170 8 0.1030 9 0.1170
obeidi 6 0.6021 7 0.6021
oberhof 4 0.6021 5 0.7833
oberstdorf 5 0.9645 7 0.8893
obey 1 0.7782
obi 0 0.7782
obiang 4 1.3221
obinna 0 1.0124
object 8 0.7782
objective 8 0.6021 9 0.6021
objectives 6 0.7782
objects 4 0.7782
obsession 1 1.0124
obstacles 2 0.4771 6 0.6207 7 0.4771
obtain 3 0.6021 5 0.7833
obtained 3 0.7782
obviously 0 0.3802 1 0.3802 3 0.4947 5 0.3802
occasion 1 0.7782
occasions 2 0.7782
occupants 1 0.6021 6 0.6021
occupied 5 0.7782
occurred 1 0.4771 6 0.4771 8 0.4771
ocean 1 0.7782
oct 1 1.0229 2 1.0229
october 0 0.0492 1 0.0558 2 0.0378 3 0.0492 4 0.0378 5 0.0378 6 0.0558 7 0.0558 8 0.0492 9 0.0492
octogenarian 8 0.7782
odd 6 0.8893 7 0.7833
odemwingie 0 0.7782
odiah 0 0.7782
odierno 5 0.4447 6 0.3010 7 0.4447 8 0.3916 9 0.5114
of 0 0.1159 1 0.1173 2 0.1137 3 0.1129 4 0.1155 5 0.1173 6 0.1193 7 0.1148 8 0.1161 9 0.1198
off 0 0.0822 1 0.0771 2 0.0672 3 0.0492 4 0.0697 5 0.0697 6 0.0378 7 0.0642 8 0.0378 9 0.0492
offbeat 8 0.7782
offenbach 4 0.7782
offences 2 0.6021 7 0.6021
offensive 0 0.2341 1 0.2341 2 0.3750 7 0.3750 8 0.4162 9 0.2341
offensives 7 0.6207 8 0.6207 9 0.4771
offer 1 0.7833 3 0.6021
offered 0 0.2341 1 0.3977 3 0.2341 4 0.2341 5 0.3045 8 0.2341
office 0 0.1269 1 0.1461 2 0.0792 3 0.1170 4 0.1408 5 0.1269 6 0.1345 7 0.1345 9 0.1030
officer 4 0.3802 6 0.3802 8 0.3802 9 0.3802
officers 1 0.2341 2 0.2341 3 0.3045 4 0.3045 6 0.3045 9 0.3458
official 0 0.0492 1 0.0605 2 0.0378 3 0.0558 4 0.0605 5 0.0492 6 0.0605 7 0.0605 8 0.0605 9 0.0697
officially 5 0.6021 7 0.6021
officials 0 0.0697 1 0.0697 2 0.0558 3 0.0605 4 0.0642 5 0.0558 6 0.0378 7 0.0558 8 0.0642 9 0.0558
offs 9 0.7782
oft 1 0.7782
often 1 0.4447 6 0.3010 7 0.3010 8 0.3010 9 0.3010
oil 4 1.2466
ok 3 0.7782
old 0 0.1408 1 0.1030 2 0.0792 3 0.1170 4 0.1345 5 0.0792 6 0.1269 8 0.0792 9 0.1170
older 4 0.6021 8 0.6021
oldest 8 0.7782
olofinjana 0 0.7782
olympic 0 0.9645 5 0.6021
olympics 0 1.0229 1 0.6021
omar 4 0.7782
on 0 0.1055 1 0.1033 2 0.1020 3 0.1041 4 0.1013 5 0.0987 6 0.1036 7 0.1020 8 0.1020 9 0.1039
once 0 0.3010 1 0.3916 3 0.3010 5 0.3010 6 0.3010
ondimba 4 0.7782
one 0 0.0558 1 0.0558 2 0.0738 3 0.0811 4 0.0738 5 0.0672 6 0.0822 7 0.0771 8 0.0756 9 0.0719
ones 2 0.6021 7 0.6021
ongoing 8 0.6021 9 0.6021
onions 8 0.7782
online 1 0.4771 6 0.4771 9 0.4771
only 0 0.1170 1 0.0792 2 0.0792 4 0.0792 5 0.1345 6 0.1408 7 0.1345 8 0.0792 9 0.1269
onslaught 1 0.6021 2 0.6021
onto 1 0.3010 4 0.3010 6 0.3010 8 0.4447 9 0.4823
onyekachi 0 0.7782
open 0 0.2821 1 0.2992 2 0.2291 3 0.3249 4 0.2291 7 0.1761 8 0.1761
opened 0 0.4823 1 0.3010 3 0.3916 5 0.3010 8 0.3010
opening 1 0.3010 3 0.3010 4 0.3010 5 0.3916 7 0.3916
opens 1 0.7782
operate 5 0.3802 7 0.4947 8 0.3802 9 0.3802
operated 2 0.3916 3 0.4447 4 0.3010 5 0.3010 7 0.3010
operating 2 0.1761 3 0.3249 4 0.2291 5 0.1761 7 0.2291 8 0.1761 9 0.2291
operation 0 0.1170 1 0.1170 2 0.0792 3 0.0792 5 0.1170 6 0.0792 7 0.0792 8 0.1269 9 0.0792
operations 0 0.0792 1 0.1030 2 0.0792 3 0.1170 4 0.1269 5 0.1170 7 0.1030 8 0.1030 9 0.1269
operative 9 0.7782
operatives 4 0.6021 9 0.6021
opinion 2 0.6207 7 0.6207 8 0.7644
opponents 0 0.6021 2 0.6021
opportunities 2 0.4771 7 0.4771 8 0.6207
opportunity 1 0.1761 2 0.1761 3 0.2291 6 0.1761 7 0.2291 8 0.1761 9 0.1761
opposition 2 0.4779 4 0.2341 6 0.2341 7 0.4682 8 0.5279 9 0.2341
ops 4 0.7833 9 0.7833
opt 4 0.7782
optimism 3 0.7782
optimum 0 0.7782
option 5 0.7782
or 0 0.0378 1 0.0605 2 0.0642 3 0.0605 4 0.0672 5 0.0492 6 0.0697 7 0.0697 8 0.0811 9 0.0672
orchestrated 6 0.7782
ordeal 0 0.3916 1 0.3916 2 0.3010 5 0.3916 7 0.3010
order 1 0.2341 2 0.2341 6 0.3458 7 0.2341 8 0.3045 9 0.2341
ordered 1 0.4771 6 0.6207 9 0.6207
ordinary 1 0.1761 2 0.1761 3 0.1761 4 0.1761 5 0.2291 7 0.1761 8 0.1761
ore 9 0.7782
org 2 0.3916 4 0.3010 5 0.3010 7 0.3010 8 0.4823
organisation 4 0.4771 8 0.4771 9 0.6207
organised 0 0.4771 1 0.4771 2 0.4771
organisers 4 0.6021 7 0.6021
organising 8 0.7782
organization 9 1.0124
organized 2 0.7782
origin 9 1.0124
originally 6 0.7782
orlando 1 1.0124
ornament 1 1.1494
orpik 0 1.0124
orr 0 0.7782
orsay 5 0.6021 8 0.6021
orwell 6 1.0124
osaze 0 0.7782
osce 9 1.3837
ospreys 2 1.0124
other 0 0.0492 1 0.0492 2 0.0605 3 0.0558 4 0.0642 5 0.0642 6 0.0642 7 0.0605 8 0.0697 9 0.0719
others 0 0.0605 1 0.0558 2 0.0378 3 0.0492 4 0.0605 5 0.0492 6 0.0492 7 0.0558 8 0.0558 9 0.0719
otherwise 4 0.7782
otto 4 0.7782
otton 7 0.7782
our 0 0.1269 1 0.1461 2 0.1030 3 0.1408 4 0.1269 5 0.1269 6 0.1547 7 0.1461 9 0.1170
ourselves 4 0.7782
oust 2 0.3802 5 0.3802 6 0.4947 9 0.3802
ousted 2 0.4771 3 0.4771 6 0.4771
out 0 0.0771 1 0.0799 2 0.0605 3 0.0738 4 0.0771 5 0.0697 6 0.0771 7 0.0786 8 0.0605 9 0.0756
outdoor 0 1.0124
outlawed 8 0.7782
outline 9 0.7782
outrage 5 0.4771 7 0.4771 8 0.4771
outside 1 0.4771 2 0.4771 7 0.4771
outskirts 6 0.4771 7 0.4771 9 0.4771
outstanding 0 0.7782
ovation 4 0.7782
over 0 0.0843 1 0.0738 2 0.0642 3 0.0719 4 0.0605 5 0.0786 6 0.0719 7 0.0756 8 0.0719 9 0.0756
overall 4 0.4823 5 0.3916 6 0.3916 7 0.3010 9 0.4447
overcast 0 0.7782
overcome 4 0.7782
overlooking 0 0.7782
oversaw 3 0.7782
overseeing 5 0.7782
overthrow 3 0.7782
overtime 0 1.0706 1 0.6021
overture 4 1.0124
overturned 7 0.6021 8 0.8893
owing 7 0.7782
own 0 0.1249 1 0.1249 3 0.1625 4 0.2002 5 0.1845 7 0.1249 8 0.2002 9 0.1625
ownership 6 0.6021 9 0.6021
ownerships 6 0.6021 9 0.6021
oxfordshire 0 0.4771 1 0.4771 4 0.7048
ozone 7 0.7782

