pace 0 0.3802 1 0.3802 2 0.3802 7 0.3802
pack 5 0.7782
packed 0 0.2002 1 0.1249 2 0.1845 3 0.1625 5 0.1249 7 0.1845 8 0.1249 9 0.1625
page 5 0.7782
pageantry 0 0.7782
paid 0 1.0124
pain 6 0.6021 9 0.6021
painting 5 0.8893 8 0.8893
paintsil 3 1.1494
pair 2 0.7782
pairs 5 1.0124
pak 1 0.7833 9 0.6021
pakistan 0 0.0833 1 0.0822 2 0.0852 3 0.0936 4 0.0492 5 0.0605 6 0.0738 7 0.0878 8 0.0852 9 0.0771
pakistani 4 0.4771 7 0.4771 9 0.7048
palace 6 0.6021 7 0.6021
palestinian 0 0.7782
panic 6 0.7833 9 0.6021
papac 3 0.7782
paper 0 0.6207 1 0.7048 5 0.4771
parade 7 0.7782
parallel 1 0.4771 6 0.6207 8 0.4771
paramilitary 0 0.4947 1 0.3802 2 0.3802 3 0.4947
paramount 4 0.7782
parent 0 0.7782
parents 0 0.4771 1 0.4771 4 0.6207
paris 0 0.1845 1 0.2002 3 0.1845 4 0.2123 5 0.2002 6 0.2002 7 0.1249 8 0.1249
parise 0 1.1494
parish 9 0.7782
park 0 0.5616 1 0.3802 2 0.3802 7 0.4947
parkhead 3 1.1494
parliament 2 0.4447 6 0.3010 7 0.4447 8 0.5883 9 0.3010
parliamentary 2 0.4771 6 0.6207 9 0.4771
part 0 0.0492 1 0.0672 2 0.0492 3 0.0558 4 0.0642 5 0.0642 6 0.0378 7 0.0492 8 0.0492 9 0.0672
partenirchen 5 0.6021 7 0.6021
partenkirchen 6 0.7782
partially 1 0.7782
participate 7 0.7782
participating 9 0.7782
particular 2 0.3010 4 0.3010 6 0.3916 8 0.3010 9 0.3010
particularly 5 0.7782
partied 6 0.7782
parties 5 0.6021 6 0.6021
partner 3 0.6021 5 0.6021
partners 1 0.6021 6 0.7833
partnership 4 0.7782
parts 0 0.6021 9 0.6021
party 2 0.1761 3 0.2601 4 0.1761 5 0.1761 6 0.2601 8 0.1761 9 0.1761
partygoers 6 0.7782
pascal 5 0.7782
pass 0 0.7782
passed 5 0.6021 9 0.6021
passengers 9 1.0124
past 0 0.3045 1 0.3045 6 0.3977 7 0.3458 8 0.3045 9 0.2341
pastel 5 0.6021 8 0.6021
pasteur 8 1.0124
paterson 3 0.7782
path 9 1.0124
patience 1 0.7782
patients 1 1.0124
patrick 0 1.1494
patrol 0 0.7782
patrolled 1 0.7782
paul 0 0.6460 2 0.3802 3 0.3802 8 0.6091
pauline 0 0.4771 1 0.4771 4 0.6207
paulo 1 0.7833 6 0.6021
paved 2 0.6021 5 0.6021
pavelski 0 1.0124
paving 3 0.7782
pavlyuk 9 0.7782
pavy 4 0.7782
payback 9 0.7782
payments 3 0.7782
payroll 0 0.7782
pays 4 0.6021 7 0.6021
peace 0 0.1761 1 0.2291 2 0.1761 6 0.2601 7 0.1761 8 0.1761 9 0.2291
peaceful 3 0.6021 8 0.8893
peaked 2 0.7782
pedro 0 0.7782
peel 0 1.2466
pellets 0 0.3916 1 0.3010 2 0.3010 3 0.3010 6 0.3010
penalties 0 1.0124
penalty 0 1.2466
penetrate 3 0.4771 4 0.4771 9 0.4771
penguins 0 1.0124
peninsula 1 0.4771 2 0.4771 7 0.4771
people 0 0.0878 1 0.0941 2 0.0983 3 0.0885 4 0.0822 5 0.0811 6 0.0861 7 0.0941 8 0.0979 9 0.0947
peoples 9 0.7782
per 2 0.3802 3 0.3802 6 0.4947 9 0.4947
percent 1 0.3010 3 0.3010 4 0.3010 8 0.3916 9 0.3916
percentage 0 0.7782
perched 0 1.0124
perfect 0 0.4771 3 0.4771 5 0.4771
perform 2 0.7782
performance 3 0.4771 6 0.4771 9 0.6207
performances 5 0.7782
performing 5 0.6021 8 0.6021
perilous 1 0.7782
period 0 0.2291 2 0.1761 4 0.1761 6 0.1761 7 0.1761 8 0.1761 9 0.2601
periodic 2 0.4771 6 0.6207 7 0.4771
permanent 1 0.4771 4 0.4771 9 0.4771
permission 7 0.7833 8 0.6021
permit 1 0.4771 2 0.4771 5 0.4771
perpetrator 9 0.7782
perpetrators 0 0.7782
persie 4 0.7782
persistent 7 0.7782
persisting 9 0.7782
person 5 0.7782
personnel 2 0.2291 3 0.2291 4 0.2291 5 0.1761 7 0.2291 8 0.1761 9 0.1761
perspective 4 0.7782
persuaded 3 0.7782
perth 7 0.7782
peshawar 0 0.1408 1 0.1547 2 0.1616 3 0.1269 5 0.0792 6 0.0792 7 0.1345 8 0.1345 9 0.1170
petah 6 0.7782
peter 0 0.4823 1 0.5114 3 0.3010 4 0.5554 5 0.4823
petersen 8 0.7782
petr 6 1.0124
petra 4 0.8893 5 0.6021
petraeus 0 0.3045 1 0.3045 2 0.2341 5 0.3045 6 0.3977 7 0.3045
petrescu 6 1.0124
petrol 4 0.7782
petter 4 1.1494
pezao 0 0.7833 1 0.6021
phangnan 5 0.7782
phase 4 0.7782
phil 0 1.1494
philadelphia 0 0.7782
philharmonic 4 0.8893 5 0.6021
philippines 2 0.6021 6 0.6021
phone 6 0.6021 7 0.6021
photograph 9 0.7782
physically 3 0.7782
pianist 5 0.7782
pick 0 0.3916 1 0.3916 3 0.3916 6 0.3916 7 0.4447
picked 3 0.7782
picture 2 0.6460 5 0.4947 7 0.6091 8 0.3802
pictures 2 0.6021 7 0.6021
piece 1 0.7782
pieces 5 0.7782
piercing 0 0.3802 1 0.3802 3 0.3802 6 0.3802
pietersen 8 0.7782
pietsch 5 0.7782
piled 0 1.0124
pilot 1 0.7782
pink 8 0.7782
pioneers 1 0.7782
pipped 4 0.7782
pirate 1 0.7782
pirates 1 1.0229 9 0.8893
pitch 2 0.7782
pittsburgh 0 1.1494
pivotal 3 0.7782
placards 8 0.7782
place 0 0.0378 1 0.0378 2 0.0378 3 0.0492 4 0.0558 5 0.0605 6 0.0378 7 0.0492 8 0.0492 9 0.0605
placed 4 0.6021 6 0.6021
places 0 0.4771 4 0.4771 9 0.4771
placing 5 0.6021 9 0.6021
plagued 7 0.4771 8 0.4771 9 0.6207
plan 1 0.6207 4 0.6207 9 0.4771
plane 1 0.3458 2 0.2341 5 0.2341 6 0.3977 7 0.2341 9 0.2341
planes 2 0.4771 6 0.4771 7 0.4771
planet 5 0.7782
planned 7 0.6021 9 0.7833
planning 8 0.7782
plans 0 0.3010 1 0.3010 6 0.3010 8 0.3010 9 0.3010
planted 8 0.7782
planting 1 0.7782
platform 9 0.7782
play 0 0.1625 1 0.1625 2 0.1249 3 0.1249 4 0.2123 5 0.1249 7 0.1625 8 0.1625
played 0 0.4823 1 0.4447 2 0.4447 3 0.4447 5 0.3010
player 0 0.7833 7 0.6021
players 0 0.2123 1 0.2002 2 0.1249 3 0.1845 4 0.2123 6 0.1249 7 0.1625 8 0.1249
playing 0 0.5616 3 0.4947 4 0.3802 8 0.3802
playmaker 4 0.7782
plays 3 0.7782
playstation 0 0.7782
plea 6 0.7833 7 0.6021
pleaded 3 0.7782
pleasantly 8 0.7782
please 1 1.0124
pledged 9 0.7782
plenty 0 0.7782
plot 1 0.6207 6 0.6207 9 0.4771
plots 2 0.4771 6 0.4771 7 0.4771
plug 1 0.7782
plummeted 0 0.2341 1 0.2341 3 0.2341 6 0.2341 7 0.3045 8 0.2341
plunged 3 0.7782
plunging 6 0.7782
pluralism 6 0.7782
plus 3 0.7782
pm 0 0.1761 1 0.1761 4 0.2601 5 0.1761 6 0.1761 7 0.2601 9 0.1761
podium 0 0.6021 3 0.6021
point 0 0.3916 3 0.3916 4 0.3010 5 0.3916 7 0.3010
pointed 6 0.6021 9 0.6021
points 0 0.4162 2 0.4455 4 0.3458 5 0.4455 6 0.3045 7 0.4455
pol 4 1.1494
poland 5 0.8484 6 0.4771 7 0.4771
police 0 0.0719 1 0.0756 2 0.0822 3 0.0738 4 0.0719 5 0.0492 6 0.0738 7 0.0738 8 0.0957 9 0.0852
policing 1 0.4771 6 0.4771 9 0.4771
polish 3 0.6021 5 0.7833
polishing 1 1.0124
political 0 0.1170 1 0.1030 2 0.1030 4 0.1030 5 0.0792 6 0.1030 7 0.1030 8 0.1269 9 0.1030
politicians 0 0.6021 3 0.6021
politics 0 0.3010 1 0.3010 2 0.3916 7 0.3010 8 0.3916
poll 0 1.1494
polls 1 0.7782
pollsters 0 0.7782
polly 2 0.7782
pond 0 0.7782
pontiff 9 1.0124
pool 0 0.7782
poor 1 0.3916 4 0.3010 5 0.3010 7 0.3916 9 0.3010
poorest 1 0.6021 4 0.6021
pop 0 0.6021 6 0.7833
pope 2 0.3802 6 0.5616 7 0.4947 9 0.6091
popular 0 0.3010 1 0.3916 2 0.3010 7 0.3010 8 0.3916
popularise 5 0.7782
popularised 5 0.7782
popularity 5 0.7782
populated 0 0.4771 6 0.4771 9 0.4771
population 2 0.5616 6 0.5616 8 0.4947 9 0.5616
poring 1 0.7782
port 5 0.6021 8 0.6021
portable 4 0.7782
portsmouth 0 0.7782
portugal 4 0.7782
portuguese 4 0.7782
pose 3 0.7782
posed 0 0.1761 1 0.1761 2 0.1761 3 0.2291 4 0.1761 6 0.1761 9 0.2291
position 2 0.6021 5 0.6021
positive 1 0.7782
possession 6 0.7833 9 0.7833
possibilities 7 0.7782
possibility 4 0.7782
possible 1 0.1761 2 0.2601 3 0.2601 4 0.1761 5 0.2291 6 0.2601 9 0.2601
post 1 0.3010 2 0.3010 3 0.4823 6 0.3010 9 0.3010
potent 8 0.7782
potential 5 0.6021 9 0.6021
potentially 0 0.6021 6 0.6021
poverty 1 0.6021 7 0.7833
power 0 0.3802 1 0.3802 6 0.3802 7 0.3802
powerful 1 0.6021 2 0.6021
powers 2 0.3802 6 0.3802 7 0.3802 8 0.4947
practice 5 0.6021 8 0.8893
praised 3 0.7782
praising 5 1.0124
prashant 2 0.6021 7 0.6021
pray 1 0.7782
prayers 0 0.3802 2 0.3802 5 0.3802 9 0.3802
pre 0 0.4771 4 0.4771 7 0.4771
predators 0 1.0124
predicting 9 0.7782
prediction 9 0.7782
predicts 4 0.6021 9 0.6021
prefer 6 0.7782
preliminary 1 0.6021 9 0.6021
premier 1 0.3010 2 0.3916 3 0.4447 4 0.4823 7 0.3010
premiership 0 0.7833 2 0.9645
premoni 1 0.7782
preoccupied 1 0.7782
preparation 5 0.7782
prepare 1 0.3802 2 0.3802 3 0.3802 5 0.3802
prepared 4 0.4771 5 0.4771 9 0.4771
preparing 2 0.6021 5 0.6021
presence 0 0.4771 1 0.6207 8 0.4771
present 3 0.4771 7 0.4771 9 0.4771
presentation 3 0.7782
presenting 5 0.7782
presents 9 0.7782
preserve 9 0.7782
presidency 5 0.6021 6 0.6021
president 0 0.0642 1 0.0719 2 0.0642 3 0.0378 4 0.0642 5 0.0492 6 0.0672 7 0.0719 8 0.0738 9 0.0492
presidential 1 0.3010 2 0.3010 6 0.3010 7 0.3010 8 0.3916
presidents 4 0.7782
press 1 0.1761 3 0.1761 5 0.1761 6 0.2291 7 0.1761 8 0.1761 9 0.2601
presses 0 0.6021 2 0.6021
pressure 0 0.4947 7 0.3802 8 0.4947 9 0.3802
pressuring 7 0.7782
pretre 4 1.1494
pretty 0 0.6021 2 0.6021
prevalent 2 0.4771 6 0.4771 9 0.4771
prevent 6 0.6021 9 0.6021
preventable 1 0.7782
preventing 8 0.7782
previous 3 0.6207 5 0.6207 8 0.4771
previously 1 0.2123 2 0.1249 3 0.1249 4 0.1249 5 0.1845 6 0.1249 7 0.1249 8 0.1249
primarily 1 0.7782
primary 4 0.7782
prime 1 0.2291 2 0.2601 5 0.2601 6 0.3441 7 0.3131 8 0.2601 9 0.2601
prince 3 0.6021 8 0.6021
principle 6 0.7782
principles 9 0.7782
prior 8 0.7782
priorities 9 0.7782
priority 4 1.0124
prisma 6 0.6021 9 0.6021
prison 8 0.6021 9 0.6021
prisoner 0 0.4771 1 0.4771 5 0.4771
prisoners 2 0.6207 7 0.6207 8 0.7644
pristine 0 0.7782
privacy 0 0.1761 1 0.1761 2 0.1761 4 0.2601 5 0.1761 7 0.1761 8 0.2291
private 1 0.1249 2 0.1625 3 0.1845 4 0.1249 5 0.2002 7 0.2222 8 0.2002 9 0.1845
prize 8 0.7782
pro 2 0.4947 6 0.3802 7 0.3802 8 0.4947
probable 9 0.7782
probably 3 0.6021 8 0.7833
probe 1 0.1249 2 0.1249 3 0.1845 4 0.1625 5 0.1249 7 0.1249 8 0.1249 9 0.1625
probes 1 1.1494
problem 1 0.7782
problems 2 0.2291 3 0.1761 4 0.2601 6 0.1761 7 0.2601 8 0.2291 9 0.2291
procedure 1 0.7782
procedures 3 0.4771 6 0.4771 9 0.6207
proceed 9 0.7782
proceedings 7 0.7782
process 0 0.4771 1 0.4771 5 0.7048
processes 3 0.7782
procession 0 0.6021 2 0.6021
proclaimed 9 0.7782
produced 5 1.0124
producers 1 0.6021 4 0.6021
producing 1 0.6021 7 0.6021
production 1 0.4771 2 0.4771 5 0.4771
professional 1 0.7782
professionals 1 0.4771 3 0.4771 5 0.6207
professor 2 0.2341 3 0.2341 4 0.2341 5 0.2341 7 0.3045 8 0.2341
profitable 4 0.7782
program 3 1.1494
programme 1 1.0124
programmes 9 0.7782
progress 0 0.2291 1 0.2291 2 0.2821 5 0.2291 6 0.3522 7 0.3131 8 0.1761
prohibited 4 0.6021 9 0.6021
project 1 0.7782
projects 1 0.7782
prologue 4 1.1109 5 0.7833
prologues 5 0.7782
prominent 9 0.7782
promise 3 0.7782
promised 9 0.7782
promises 4 0.6021 9 0.6021
promising 6 0.7782
promoted 2 0.4771 6 0.4771 9 0.4771
promoters 1 0.7782
promoting 3 0.6021 4 0.6021
prompted 4 0.6021 9 0.7833
prone 6 0.7782
pronounced 3 0.6021 5 0.6021
propaganda 8 0.7782
properly 2 0.7782
property 4 0.6021 7 0.6021
prophecy 9 0.7782
prophet 0 0.7782
proposal 2 0.4771 7 0.4771 8 0.6207
proposed 2 0.4771 7 0.4771 8 0.6207
proposing 4 0.7782
prosecute 2 0.1625 3 0.1625 4 0.1845 5 0.1845 6 0.1249 7 0.1845 8 0.1845 9 0.1625
prosecution 2 0.3010 3 0.3010 4 0.3010 5 0.3010 7 0.3010
prosecutor 2 0.3010 4 0.3010 5 0.3010 7 0.3010 8 0.3010
prosecutors 2 0.1761 3 0.2992 4 0.2291 5 0.2992 7 0.1761 8 0.1761 9 0.2601
prosperity 1 0.7782
protect 2 0.2601 3 0.2601 4 0.2291 5 0.2821 7 0.2601 8 0.2291 9 0.1761
protected 6 0.7782
protecting 3 0.4947 5 0.4947 7 0.3802 8 0.3802
protest 8 0.9645 9 0.7833
protester 8 0.7782
protesters 2 0.4771 7 0.4771 8 0.6207
protestors 8 0.6021 9 0.6021
protests 2 0.6091 7 0.6091 8 0.7430 9 0.3802
proud 0 0.7782
prove 3 0.7782
proved 3 0.4771 6 0.6207 9 0.4771
provide 4 0.7782
provides 4 0.7782
province 2 0.2291 3 0.2601 4 0.1761 6 0.1761 7 0.2601 8 0.3249 9 0.2601
provincial 0 0.1761 1 0.1761 3 0.1761 6 0.2601 7 0.1761 8 0.1761 9 0.1761
provisional 3 0.7782
provocation 2 0.4771 7 0.4771 8 0.6207
provoked 3 0.7782
psychiatrists 0 0.4771 1 0.4771 5 0.4771
pts 4 0.7833 6 0.7833
public 1 0.1761 2 0.2821 3 0.2601 4 0.2821 7 0.2291 8 0.2992 9 0.2291
published 0 0.3010 2 0.3010 7 0.3916 8 0.4447 9 0.3010
pull 0 1.0124
pulled 0 0.2601 1 0.2291 3 0.1761 6 0.1761 7 0.2601 8 0.1761 9 0.1761
pulling 0 0.6207 6 0.4771 7 0.4771
pumps 4 0.7782
punching 0 1.0124
punish 8 0.7782
punished 4 0.6021 9 0.6021
punishment 7 0.7782
pupils 6 0.6021 9 0.6021
purchase 1 0.7782
purified 9 0.7782
purposeful 0 1.0124
pursue 1 0.3802 3 0.3802 4 0.3802 9 0.3802
pursued 4 0.7782
push 7 0.7782
pushed 1 1.0124
put 0 0.1170 2 0.1345 3 0.1269 4 0.1030 5 0.1345 6 0.1170 7 0.1170 8 0.0792 9 0.1170
putin 6 0.6021 8 0.7833
puts 1 0.6021 5 0.6021
putting 0 1.0124
pyrotechnic 6 0.7782

