saarinen 4 1.1494
sabres 0 1.1494
sacrifice 2 0.7048 7 0.7048 8 0.8106
saddam 1 0.3010 2 0.3916 5 0.3010 6 0.4447 9 0.3916
saddle 1 1.0124
safa 2 0.4771 6 0.4771 9 0.4771
safe 0 0.3802 1 0.4947 3 0.3802 5 0.5616
safely 0 0.4771 1 0.4771 4 0.7048
safer 1 0.7782
said 0 0.0983 1 0.0970 2 0.0979 3 0.1020 4 0.1070 5 0.1006 6 0.0987 7 0.0983 8 0.1075 9 0.1060
sailors 1 0.3010 5 0.3010 7 0.3010 8 0.3010 9 0.3010
saint 9 1.3837
sainz 4 0.6021 5 0.8893
salaheddin 6 0.6021 9 0.6021
sale 0 1.1766 2 0.7833
saleh 1 0.6021 8 0.6021
salerno 3 0.7782
salt 0 0.7782
salutes 0 0.7782
salvation 1 0.7782
same 1 0.2291 2 0.1761 4 0.2821 6 0.2821 7 0.1761 8 0.1761 9 0.2821
sameh 8 1.0124
san 0 0.7833 4 0.6021
sanaa 1 0.4771 8 0.6207 9 0.6207
sanctioned 8 0.7782
sanctions 9 0.7782
sanctuaries 0 0.3802 1 0.3802 3 0.3802 6 0.3802
sandwiches 1 1.0124
sani 0 0.7782
sankay 0 1.1494
sanomat 6 0.6021 9 0.6021
santiago 1 1.0124
santos 1 0.7782
sao 1 0.7833 6 0.6021
saracens 2 0.7782
sarkozy 0 1.0124
sarobi 2 0.7782
sasa 3 0.7782
sassou 4 0.7782
satisfaction 4 0.7782
satisfy 6 0.7782
saturday 0 0.2002 1 0.2123 2 0.1249 3 0.1625 4 0.1845 6 0.1249 8 0.1249 9 0.1249
saudabayev 9 1.0124
savchenko 5 1.2466
save 0 0.6021 6 0.7833
saving 1 0.7782
saw 0 0.1269 1 0.1170 2 0.1170 3 0.1345 4 0.1030 6 0.1547 7 0.1408 8 0.1030 9 0.1170
saws 7 0.7782
say 1 0.3045 2 0.3458 4 0.2341 6 0.3045 7 0.3045 8 0.3458
sayed 8 0.7782
saying 0 0.0558 1 0.0558 2 0.0672 3 0.0605 4 0.0558 5 0.0558 6 0.0558 7 0.0605 8 0.0642 9 0.0605
says 2 0.3750 3 0.3458 4 0.3045 5 0.2341 7 0.3045 9 0.2341
scale 1 0.2341 2 0.2341 3 0.2341 6 0.3045 7 0.3458 9 0.3045
scales 7 0.7782
scanner 3 0.7782
scanners 3 0.4771 6 0.4771 9 0.6207
scare 1 0.7782
scarlets 2 1.0124
scarred 1 0.7782
scene 1 0.4771 6 0.4771 9 0.4771
schedule 9 1.0124
scheduled 4 0.4771 6 0.4771 7 0.4771
scheme 1 1.0124
schlierenzauer 5 0.8803 6 0.7048 7 0.7048
schmitt 5 1.0124
schofield 0 1.0124
schools 6 0.6021 9 0.7833
schuringa 6 0.7782
schuster 5 1.0124
science 7 0.7782
scientific 1 0.7833 9 0.6021
scientists 1 0.6021 3 0.6021
score 0 0.9645 3 0.6021
scored 0 0.4771 3 0.4771 5 0.4771
scores 0 0.7782
scoring 0 0.7782
scot 7 0.7782
scottish 3 1.0124
screened 9 0.7782
screening 4 0.6021 9 0.6021
screw 3 0.7782
scrutiny 2 0.6021 3 0.6021
sea 5 0.7782
seafarers 1 0.7782
seamen 1 0.7782
search 6 0.6021 9 0.6021
searched 6 0.7782
searching 1 0.4771 3 0.4771 6 0.4771
seas 1 0.7782
seaside 0 1.0124
season 0 0.3750 1 0.3045 3 0.4162 4 0.4319 6 0.2341 7 0.3458
seasons 0 0.7782
seater 6 0.7782
sec 4 1.1458 5 0.8893
second 0 0.0672 1 0.0378 2 0.0378 3 0.0492 4 0.0492 5 0.0605 6 0.0492 7 0.0492 8 0.0492 9 0.0378
seconds 4 1.1494
secret 0 0.4947 1 0.4947 3 0.3802 5 0.4947
secretly 2 0.4771 6 0.4771 9 0.4771
sector 8 0.7782
secure 1 0.6021 4 0.6021
secured 3 0.7782
security 0 0.0605 1 0.0786 2 0.0852 3 0.0878 4 0.0756 5 0.0811 6 0.0811 7 0.0843 8 0.0822 9 0.0899
see 0 0.0492 1 0.0492 2 0.0378 3 0.0558 4 0.0492 5 0.0492 6 0.0378 7 0.0642 8 0.0378 9 0.0492
seeds 1 0.7782
seek 8 0.7782
seeking 1 0.6207 3 0.4771 6 0.4771
seemed 4 0.7782
seen 0 0.0792 1 0.0792 2 0.0792 3 0.1170 4 0.1170 5 0.1170 7 0.1269 8 0.0792 9 0.1269
sees 5 0.7782
seize 1 0.4771 7 0.4771 8 0.4771
seized 1 0.8893 4 0.7833
selected 4 0.4771 6 0.6207 9 0.4771
selection 4 0.7782
selectors 8 0.7782
sell 9 0.7782
sellers 1 0.7782
selling 4 0.6021 5 0.6021
semi 0 0.3802 2 0.3802 3 0.5616 4 0.4947
senators 3 0.7782
send 0 0.3802 4 0.3802 8 0.3802 9 0.3802
sending 0 0.3802 1 0.3802 3 0.3802 6 0.3802
senior 0 0.1761 1 0.2601 2 0.1761 3 0.1761 4 0.1761 6 0.2821 7 0.2601
sensational 2 0.1761 3 0.1761 4 0.2291 5 0.2291 7 0.1761 8 0.1761 9 0.2291
sense 4 0.7782
sensitive 8 0.7782
sensitivity 0 0.3010 1 0.3010 3 0.3010 6 0.3010 7 0.3010
sent 0 0.1249 1 0.1249 2 0.1845 3 0.1625 5 0.1249 7 0.2123 8 0.2222 9 0.1625
sentence 2 0.7782
sentenced 8 0.7782
sentiment 0 0.2341 1 0.2341 3 0.2341 6 0.2341 7 0.2341 9 0.2341
sentinel 1 0.7782
seoul 2 0.6021 7 0.6021
separate 0 0.1761 1 0.2291 3 0.2291 4 0.1761 5 0.1761 6 0.2291 9 0.1761
separately 0 0.4771 1 0.4771 5 0.4771
separatist 7 0.6021 9 0.7833
separatists 8 0.7833 9 0.7833
september 1 0.1030 2 0.0792 3 0.1269 4 0.1030 5 0.1030 6 0.1345 7 0.0792 8 0.0792 9 0.1408
serbia 5 1.1494
serbian 5 0.7782
serbs 5 1.1494
sergei 4 1.0124
series 1 0.5114 3 0.3010 4 0.3010 5 0.3010 8 0.4823
serious 4 0.4771 6 0.4771 8 0.4771
seriously 9 0.7782
served 1 0.7782
service 2 0.3010 4 0.3010 5 0.3916 8 0.3010 9 0.3010
services 3 0.3802 4 0.3802 5 0.4947 9 0.6091
serving 5 0.7782
set 0 0.2291 1 0.1761 3 0.1761 4 0.2291 5 0.1761 6 0.1761 8 0.2291
setback 3 1.0124
setting 0 0.6021 5 0.6021
seven 0 0.3458 2 0.3045 3 0.3045 4 0.2341 7 0.3045 9 0.2341
seventh 0 1.0124
several 0 0.1249 1 0.1845 2 0.1249 3 0.1249 5 0.1845 6 0.2002 7 0.1249 9 0.2002
severe 8 0.6021 9 0.8893
severely 4 0.7782
severity 2 0.4771 6 0.4771 9 0.4771
seychelles 1 0.7782
seyi 0 0.7782
shackle 1 0.7782
shah 0 0.2291 1 0.1761 3 0.2291 5 0.1761 7 0.2601 8 0.1761 9 0.1761
shahid 9 1.0124
shaibu 0 0.7782
shaikh 7 0.7782
shalloe 6 0.7782
shames 9 0.7782
shangla 1 0.6021 2 0.6021
shanty 0 0.7782
shaolin 3 1.0124
share 1 0.4771 4 0.4771 7 0.7048
sharia 5 1.0124
sharing 1 0.7782
sharks 0 1.2466
sharp 1 0.6021 2 0.6021
sharply 1 0.7782
she 2 0.2821 3 0.2821 4 0.2601 5 0.2291 7 0.1761 8 0.2992 9 0.2992
shebab 8 0.7782
sheikh 1 0.7782
shifted 7 0.6021 9 0.6021
shifting 9 0.7782
shiite 0 0.3802 2 0.4947 7 0.4947 8 0.5616
shinto 1 0.7782
ships 1 0.7782
shiriaev 4 1.0124
shirk 3 0.7782
shittu 0 0.7782
shkupolli 6 1.0706 9 1.0706
shocked 8 0.7782
shook 0 0.3802 1 0.3802 3 0.3802 6 0.3802
shoot 0 0.1030 2 0.1030 3 0.0792 4 0.0792 5 0.1030 6 0.0792 7 0.0792 8 0.0792 9 0.1030
shooter 6 0.7833 9 0.7833
shooters 6 0.6021 9 0.6021
shooting 0 0.0792 2 0.0792 3 0.1269 4 0.1030 5 0.1461 6 0.1030 7 0.1030 8 0.1030 9 0.1408
shootings 3 0.6207 6 0.6207 9 0.6207
shootout 8 1.0124
shoppers 6 0.6021 9 0.6021
shopping 1 0.7833 2 0.6021
shops 7 1.0124
short 7 0.7782
shortage 1 0.7782
shortcomings 2 0.4771 7 0.4771 8 0.6207
shortly 0 0.3010 1 0.3916 2 0.3010 6 0.3916 7 0.3010
shot 0 0.1030 2 0.1030 3 0.0792 4 0.0792 5 0.0792 6 0.1170 7 0.1030 8 0.0792 9 0.1345
should 1 0.2341 2 0.2341 4 0.3750 6 0.2341 7 0.2341 9 0.3750
shoulders 6 0.6021 7 0.6021
shouting 8 0.7782
show 0 0.1761 1 0.1761 2 0.2291 4 0.1761 5 0.2291 7 0.2291 8 0.3351
showed 0 0.3010 1 0.3010 2 0.3916 6 0.4447 9 0.3010
showers 9 0.7782
showing 3 0.3802 5 0.3802 7 0.3802 8 0.3802
showings 6 0.7782
shown 2 0.2341 3 0.2341 4 0.2341 5 0.2341 7 0.2341 8 0.2341
shows 6 0.7782
shrines 1 0.7782
shrug 6 0.6021 7 0.6021
shukupolli 6 0.7782
shut 0 0.7782
siberian 5 1.0124
sickness 3 0.7782
side 0 0.4823 3 0.3010 4 0.3916 6 0.3916 8 0.4823
sides 0 0.4447 1 0.3010 2 0.3010 3 0.3916 6 0.3010
sierra 1 0.6021 7 0.8893
sighted 1 0.7782
sign 5 0.6021 8 0.6021
signal 8 0.7782
signalled 0 1.0124
signed 2 0.2341 3 0.2341 4 0.2341 5 0.2341 6 0.2341 7 0.3045
significant 2 0.3802 4 0.3802 6 0.3802 9 0.4947
significantly 7 1.0124
signs 7 0.7782
silence 3 0.7782
silver 3 0.7782
similar 4 0.7782
simon 0 0.3802 5 0.3802 6 0.5616 7 0.3802
simply 3 0.6021 8 0.6021
sinaloa 2 0.7782
since 0 0.0786 1 0.0738 2 0.0799 3 0.0738 4 0.0642 5 0.0672 6 0.0786 7 0.0697 8 0.0605 9 0.0605
singapore 1 0.7782
singer 0 0.7782
singers 1 0.4771 5 0.4771 8 0.4771
singh 6 0.7782
single 2 0.3802 3 0.3802 4 0.3802 9 0.3802
sinks 3 0.7782
sion 0 0.7782
sir 2 0.6021 4 0.6021
sirajuddin 4 0.6021 9 0.6021
site 2 1.0124
sites 6 0.7782
sitting 6 0.7782
situated 6 0.7782
situation 1 0.3916 2 0.3010 3 0.3010 6 0.3010 9 0.3916
six 0 0.2821 1 0.1761 3 0.1761 4 0.2291 5 0.1761 6 0.2291 9 0.1761
sixth 0 0.4947 5 0.3802 7 0.3802 9 0.3802
skating 5 1.1494
ski 4 0.6091 5 0.6091 6 0.5616 7 0.4947
skies 0 0.7782
skiing 3 0.6207 4 0.6207 5 0.6207
skin 6 0.4771 7 0.4771 9 0.4771
sky 0 0.3802 1 0.3802 3 0.3802 6 0.3802
skyscraper 1 1.0124
slammed 2 0.4771 7 0.4771 8 0.6207
sleepy 9 0.7782
sleimane 0 0.7782
slender 0 0.7782
slim 0 0.7782
slo 4 1.1494
slogans 8 0.7782
slovenia 5 0.7782
slug 3 1.1109 6 0.6021
slums 1 0.7782
smackdown 6 0.7782
small 0 0.3916 1 0.3010 6 0.3010 7 0.3010 9 0.3010
smile 0 0.7782
smiled 5 0.7782
smith 2 0.4771 3 0.4771 8 0.4771
smoke 0 0.3802 1 0.4947 3 0.3802 6 0.3802
smooth 5 0.7782
smuggled 7 0.7782
smuggling 7 0.7782
snapped 4 0.7782
snatched 2 0.4771 3 0.4771 4 0.4771
sneaked 1 0.7782
snipers 6 1.0124
snow 8 0.6021 9 1.0706
so 1 0.0792 2 0.1170 3 0.1408 4 0.1408 5 0.1170 6 0.1170 7 0.1408 8 0.1030 9 0.1269
sochaux 3 0.7782
social 4 0.7782
society 6 0.6021 9 0.6021
soderling 3 1.2466
solar 1 0.7782
soldier 0 0.7833 4 0.7833
soldiers 0 0.1030 1 0.0792 2 0.1345 3 0.1269 5 0.1170 6 0.0792 7 0.0792 8 0.1030 9 0.0792
solid 4 0.7782
solution 2 0.3802 6 0.3802 7 0.3802 8 0.4947
solve 2 0.4771 7 0.4771 8 0.6207
somali 1 1.1494
somalia 1 0.4771 2 0.4771 8 0.6207
some 0 0.0558 1 0.0558 2 0.0558 3 0.0378 4 0.0605 5 0.0672 6 0.0558 7 0.0558 8 0.0558 9 0.0558
somebody 3 0.7782
someone 2 0.2291 3 0.1761 4 0.1761 5 0.1761 7 0.1761 8 0.1761 9 0.1761
something 0 0.3802 3 0.3802 4 0.3802 6 0.3802
son 4 0.7782
sons 4 0.3802 5 0.3802 7 0.3802 8 0.3802
soon 2 0.6207 5 0.4771 7 0.6207
sought 2 0.1249 3 0.1249 4 0.1625 5 0.1625 6 0.1249 7 0.1249 8 0.1249 9 0.1845
soundbites 1 0.7833 5 0.8893
sounded 6 0.6021 9 0.6021
source 0 0.2341 1 0.2341 2 0.3750 3 0.3977 4 0.4162 5 0.3045
sources 5 0.7782
south 0 0.1269 1 0.1408 3 0.1030 4 0.0792 5 0.1170 6 0.1170 7 0.1345 8 0.1646 9 0.1345
southall 6 0.7782
southeast 7 0.7782
southern 0 0.2291 1 0.1761 4 0.2291 5 0.1761 7 0.1761 8 0.2291 9 0.2601
southerners 9 0.7782
southwestern 0 0.3010 1 0.3010 3 0.3010 6 0.3010 7 0.3010
sovereignty 2 0.6021 5 0.6021
soviet 8 0.7833 9 0.6021
sox 0 0.7782
space 4 0.7833 9 0.6021
spain 5 0.7833 6 0.6021
spaniard 4 0.7833 5 0.6021
spanish 3 0.3802 4 0.3802 5 0.3802 7 0.3802
spark 0 0.3802 1 0.3802 3 0.3802 6 0.3802
sparked 5 0.3010 6 0.3010 7 0.3010 8 0.3010 9 0.3916
sparking 0 0.3802 1 0.3802 2 0.4947 3 0.3802
sparsely 6 0.6021 9 0.6021
spawned 1 0.7782
speaker 2 0.4771 7 0.4771 8 0.6207
speaking 6 0.4771 7 0.4771 9 0.4771
speaks 4 0.7782
special 3 0.6207 4 0.4771 8 0.4771
specialist 1 1.0124
species 3 1.0124
specific 2 0.4771 3 0.4771 4 0.7048
specifically 9 0.7782
spectacular 2 0.4771 4 0.4771 7 0.4771
spectators 0 0.3010 1 0.3010 3 0.3010 6 0.3010 7 0.3916
speech 2 0.3010 4 0.3010 7 0.3010 8 0.3916 9 0.3010
speeding 0 0.3802 1 0.3802 3 0.3802 6 0.3802
spell 2 0.7782
spend 1 0.3802 3 0.3802 5 0.3802 8 0.3802
spending 3 0.7782
spent 0 0.4771 1 0.4771 5 0.7048
spice 4 0.7782
spiral 3 0.7782
spirit 0 0.7782
spirits 6 0.7782
spoilt 5 0.7782
spoke 1 0.4771 6 0.6207 9 0.4771
spoken 0 0.4771 1 0.4771 5 0.4771
spokesman 0 0.1030 1 0.1030 2 0.1030 3 0.1170 4 0.1674 5 0.1170 7 0.1030 8 0.1345 9 0.1269
spokesperson 0 0.7782
spokeswoman 5 0.6021 8 0.6021
sporadic 8 1.0124
sporting 4 0.7782
sports 3 0.4771 5 0.4771 7 0.4771
spot 1 0.6021 5 0.6021
spotlight 1 0.4771 6 0.4771 9 0.4771
spread 0 0.6021 7 0.6021
spreading 8 0.7782
spreads 8 0.7782
spree 6 0.7833 9 0.7833
spring 6 0.6021 9 0.6021
spurred 9 0.7782
spurring 6 0.6021 7 0.6021
spy 1 0.2341 2 0.3458 4 0.2341 5 0.2341 7 0.2341 9 0.2341
squad 0 0.8803 3 0.4771 8 0.6207
square 2 0.1249 3 0.1625 4 0.1249 5 0.1249 6 0.1845 7 0.1249 8 0.1249 9 0.1249
sri 9 0.7782
st 0 0.6091 1 0.3802 4 0.6091 9 0.3802
stability 3 0.7782
stable 4 0.6021 9 0.6021
stadium 0 0.6021 6 0.6021
stadiums 1 0.7782
staff 1 0.0792 2 0.0792 3 0.1170 4 0.1269 5 0.1030 6 0.0792 7 0.0792 8 0.1030 9 0.0792
staffed 1 0.7782
stage 3 0.3802 4 0.3802 5 0.6460 8 0.3802
stages 4 0.6021 5 0.6021
staging 2 0.6021 5 0.6021
stamp 0 0.3802 1 0.3802 3 0.3802 6 0.3802
stand 6 1.0124
standard 1 0.6021 8 0.6021
standing 1 0.6021 4 0.6021
standings 2 0.4947 4 0.6091 5 0.3802 6 0.4947
star 0 0.6021 3 0.6021
stars 5 0.7782
start 0 0.0792 1 0.0792 2 0.0792 3 0.1269 4 0.1170 5 0.0792 6 0.0792 7 0.1030 8 0.1030
started 0 0.1030 1 0.0792 2 0.1030 3 0.1030 4 0.1170 5 0.0792 6 0.1030 7 0.0792 8 0.1030
starting 0 0.1761 3 0.1761 4 0.1761 6 0.2291 7 0.1761 8 0.1761 9 0.1761
stastny 0 1.1494
state 0 0.0605 1 0.0719 2 0.0642 3 0.0771 4 0.0672 5 0.0642 6 0.0558 7 0.0492 8 0.0605 9 0.0719
stated 4 0.7782
statement 0 0.0558 1 0.0558 2 0.0605 3 0.0492 4 0.0672 5 0.0756 6 0.0672 7 0.0697 8 0.0642 9 0.0492
statements 2 0.1761 3 0.2821 4 0.2291 5 0.2992 7 0.1761 8 0.1761 9 0.2291
states 0 0.0558 1 0.0756 2 0.0642 3 0.0558 4 0.0558 5 0.0642 6 0.0492 7 0.0558 8 0.0378 9 0.0605
station 1 0.4771 2 0.6207 7 0.4771
stationed 0 0.3010 1 0.3010 3 0.3010 6 0.3010 7 0.3010
status 0 0.3802 1 0.3802 5 0.3802 8 0.3802
stay 9 0.7782
stays 6 0.7782
steak 1 1.0124
stealth 0 0.7782
steel 0 0.6021 2 0.6021
stefan 6 0.7782
steira 4 1.0124
stemming 5 0.7782
step 0 0.3802 1 0.3802 3 0.3802 4 0.4947
stepped 0 0.3802 1 0.3802 3 0.3802 6 0.3802
stepping 1 0.7833 3 0.6021
steps 2 0.5616 3 0.5616 4 0.4947 6 0.3802
stern 6 0.7782
steven 3 0.7782
steyn 8 0.7782
sticks 0 0.7782
sticky 2 0.4771 6 0.4771 9 0.4771
stiff 0 0.7782
still 0 0.1625 1 0.1845 2 0.1625 4 0.1249 5 0.1249 6 0.2123 8 0.2002 9 0.2002
stint 6 0.7782
stocks 3 0.7782
stoermer 4 1.0124
stoica 6 1.0124
stole 9 0.7782
stolen 5 0.6207 8 0.6207 9 0.4771
stomach 3 0.7833 5 0.6021
stompe 0 0.7782
stood 2 0.3802 3 0.4947 4 0.3802 5 0.5616
stop 0 0.1761 1 0.1761 2 0.1761 5 0.1761 6 0.2821 7 0.2291 8 0.2291
stopped 0 0.6021 7 0.6021
storey 4 0.7782
storied 0 0.7782
stories 7 0.6021 8 0.6021
storm 1 0.7833 2 0.7833
straight 1 0.4947 3 0.3802 4 0.4947 5 0.3802
strain 3 0.7782
strained 3 0.7782
straits 5 0.7782
strategic 3 0.4771 4 0.4771 9 0.4771
strategy 1 0.6021 9 0.6021
strauss 4 0.7833 8 0.6021
streak 3 0.7782
streamline 5 0.7782
street 1 0.3010 2 0.3010 6 0.5554 7 0.3916 9 0.3010
streets 2 0.6021 8 0.8893
strength 8 1.0124
strengthen 2 0.3802 7 0.3802 8 0.4947 9 0.3802
stress 4 0.7782
stressed 6 0.6021 9 0.7833
stressing 7 0.6021 9 0.6021
strictly 8 0.7782
strides 1 0.7782
strike 0 0.5616 1 0.4947 3 0.5616 7 0.3802
striker 0 0.4947 3 0.3802 4 0.4947 7 0.3802
strikers 0 0.7782
strikes 0 0.2341 1 0.2341 3 0.3458 6 0.3045 7 0.3458 8 0.2341
string 0 0.7782
strip 0 1.0124
stroke 7 0.7782
strong 0 0.3802 4 0.4947 5 0.3802 6 0.3802
strongest 7 0.6021 9 0.6021
stronghold 0 0.3045 1 0.2341 2 0.2341 3 0.3045 5 0.2341 7 0.3045
strongholds 0 0.1170 1 0.1030 2 0.0792 3 0.1170 5 0.0792 6 0.0792 7 0.0792 8 0.1030 9 0.0792
strongly 3 0.7782
strongman 8 0.7782
struck 0 0.1625 2 0.1249 3 0.1249 5 0.1249 6 0.1249 7 0.1249 8 0.1249 9 0.1845
structure 5 0.7782
struggle 1 0.7782
struggled 1 0.7782
strugglers 4 0.7782
struggling 1 0.3802 3 0.3802 6 0.3802 7 0.5616
strung 3 0.7782
stuart 8 0.7782
stuck 0 0.6021 7 0.7833
studded 0 0.7782
student 0 0.3010 1 0.3010 3 0.3010 4 0.3010 6 0.3010
students 2 0.1761 3 0.1761 4 0.1761 5 0.1761 7 0.1761 8 0.1761 9 0.1761
study 4 0.6021 9 0.6021
stung 6 0.7782
sturm 0 1.2466
style 5 0.7782
sub 9 0.7782
subdued 3 0.7782
subject 6 0.6021 9 0.7833
subjected 0 0.4771 4 0.4771 9 0.4771
subsequent 1 0.4771 2 0.4771 5 0.4771
subsequently 3 0.7782
substantial 4 0.7782
suburb 4 0.4771 6 0.4771 9 0.6207
suburbs 4 0.6021 9 0.6021
subversion 6 0.7782
succeeded 7 0.7782
success 0 0.3010 1 0.3010 4 0.3010 6 0.3010 7 0.3010
successful 9 0.7782
successfully 3 0.6021 8 0.6021
successive 0 1.0124
successor 1 0.7782
such 0 0.1249 1 0.1249 2 0.1845 4 0.1249 5 0.1249 6 0.2305 7 0.1249 9 0.2305
sud 8 0.7782
sudan 6 1.1494
sudanese 6 1.0124
suddenly 7 1.0124
suffer 3 0.7782
suffered 0 0.1249 1 0.1249 2 0.1249 3 0.2123 5 0.1249 6 0.1249 7 0.1249 8 0.1249
suffering 3 0.4771 5 0.4771 7 0.4771
suffrage 2 0.7782
suggested 2 0.3010 3 0.3916 5 0.3010 8 0.3010 9 0.3916
sui 0 0.4771 4 0.7048 6 0.7048
suicide 0 0.0786 1 0.0833 2 0.0899 3 0.0799 4 0.0558 5 0.0492 6 0.0492 7 0.0786 8 0.0811 9 0.0799
suits 5 0.7782
summary 8 0.7782
summer 1 0.7782
summit 9 0.7782
sums 0 0.7782
sunday 1 0.2123 2 0.2305 3 0.1249 4 0.2123 5 0.1249 6 0.1249 7 0.2222 8 0.2305
sundays 4 0.7782
sunken 6 0.6021 9 0.6021
sunni 2 0.6021 3 0.6021
super 3 1.0124
supermarket 6 0.7833 9 0.7833
superstitions 6 0.7782
supplies 3 0.4771 6 0.4771 7 0.4771
support 1 0.4447 2 0.3010 6 0.3916 7 0.3010 8 0.4823
supported 0 0.4771 1 0.4771 2 0.4771
supporters 2 0.5616 4 0.3802 7 0.5616 8 0.6761
supporting 6 0.4771 7 0.4771 8 0.4771
supports 2 0.3802 3 0.4947 4 0.3802 5 0.5616
supposedly 2 0.4771 7 0.4771 8 0.6207
supreme 2 0.4771 7 0.4771 8 0.6207
sure 2 0.4771 6 0.6207 9 0.6207
surfacing 3 0.7782
surge 0 0.2341 1 0.2341 3 0.3045 4 0.2341 5 0.2341 9 0.2341
surged 7 0.7782
surgery 3 0.7782
surobi 2 0.6021 3 0.7833
surpass 3 0.7782
surplus 5 0.7782
surprise 4 0.4771 6 0.6207 9 0.4771
surprised 8 0.7782
surprises 4 0.7782
surrendered 8 0.7782
surveillance 6 0.7782
survey 0 1.0124
surveying 0 0.7782
survivors 0 0.7048 1 0.4771 6 0.4771
susilo 7 0.7782
suspect 1 0.6021 6 0.7833
suspected 0 0.1625 1 0.1845 2 0.1249 3 0.1845 4 0.1625 6 0.2123 7 0.1625 9 0.1625
suspecting 6 0.6021 9 0.6021
suspend 7 0.7782
suspended 2 0.4771 5 0.4771 7 0.7048
suspicious 1 0.8893 6 0.6021
sustainable 8 0.7782
sustained 2 0.4771 6 0.6207 7 0.4771
suter 0 1.0124
swahili 8 0.7782
swann 8 0.7782
swap 3 0.7782
swat 1 0.6021 2 0.6021
sway 1 0.7782
swe 4 1.3837
swede 3 0.7782
sweden 0 0.7782
swedish 5 0.7782
sweeney 0 0.4947 1 0.4947 4 0.4947 5 0.3802
swelling 5 0.7782
swept 6 0.7782
swiftly 5 0.7782
swindlehurst 0 0.4771 1 0.4771 5 0.4771
swirled 4 0.6021 9 0.6021
swiss 5 0.6021 7 0.7833
switch 4 0.6021 5 0.6021
switched 7 0.7782
switzerland 3 0.7782
swoop 4 1.0124
sydney 6 0.7782
syed 6 0.7782
sylvain 8 0.7782
symbol 1 0.7782
symbolic 9 0.7782
symptoms 1 1.0124
system 1 1.0124
syvret 0 1.1494
szolkowy 5 1.0124

