table 2 0.7833 5 0.6021
taboo 6 0.7782
tackle 0 0.5353 1 0.3916 3 0.4447 6 0.3916 7 0.3010
tackles 3 0.7782
tackling 7 0.7782
tactical 4 0.7782
tactics 7 0.4771 8 0.4771 9 0.6207
tagab 2 0.7833 3 0.7833
tailenders 4 0.7782
tait 0 1.3837
taiwo 0 0.7782
take 0 0.0378 1 0.0492 2 0.0642 3 0.0642 4 0.0697 5 0.0558 6 0.0558 7 0.0558 8 0.0642 9 0.0605
taken 1 0.3045 2 0.2341 3 0.2341 4 0.3045 5 0.2341 8 0.2341
takes 2 0.1761 3 0.1761 4 0.2821 5 0.2601 6 0.2821 7 0.1761 9 0.2291
taking 1 0.1249 2 0.1625 3 0.1625 4 0.2123 5 0.1249 6 0.1625 8 0.1249 9 0.1249
talent 0 1.0124
tales 8 0.7782
taliban 0 0.0672 1 0.0642 2 0.0672 3 0.0811 4 0.0697 5 0.0492 6 0.0558 7 0.0771 8 0.0738 9 0.0738
talk 0 0.4771 1 0.4771 5 0.4771
talking 1 0.4771 4 0.4771 9 0.4771
talks 1 0.5616 3 0.3802 5 0.3802 6 0.4947
tallest 1 1.2466
tally 2 0.3916 4 0.3010 5 0.3010 6 0.3010 9 0.3010
tamaru 7 0.7782
tampa 0 1.0124
tanker 1 1.1494
tankers 3 0.4771 6 0.4771 7 0.4771
tape 9 0.7782
target 0 0.2341 1 0.3045 2 0.2341 3 0.3045 4 0.3045 6 0.3045
targeted 0 0.4771 1 0.4771 8 0.6207
targeting 0 0.3458 1 0.3458 3 0.3458 6 0.3045 7 0.3458 8 0.2341
targets 0 0.3045 1 0.2341 2 0.2341 3 0.2341 6 0.2341 9 0.2341
tarnished 1 0.6207 3 0.4771 5 0.4771
task 0 0.6021 1 0.6021
tasked 8 0.7782
tasmanian 3 1.0124
taste 1 0.6021 4 0.6021
tat 5 0.7782
taught 7 0.6021 9 0.6021
tax 3 0.6021 9 0.6021
taye 0 0.7782
taylor 0 0.7782
teacher 6 0.7782
team 0 0.3249 2 0.1761 3 0.2821 4 0.1761 5 0.2291 6 0.2601 8 0.2601
teammate 4 0.6021 5 0.6021
teammates 0 0.7782
teams 0 0.2123 1 0.1625 2 0.1249 3 0.1845 4 0.1625 5 0.1845 7 0.2123 8 0.2002
teamwork 3 0.7782
tear 1 0.6021 2 0.6021
teargas 8 0.6021 9 0.7833
tears 1 0.6021 2 0.6021
tech 1 0.7782
technical 4 0.6021 9 0.6021
technicality 9 0.7782
technology 9 1.0124
teenage 0 0.4771 2 0.4771 4 0.4771
teenager 0 0.7782
tehran 2 0.7644 7 0.7644 8 1.0086
teichmann 4 1.0124
tel 0 0.1761 1 0.1761 2 0.1761 3 0.1761 6 0.1761 7 0.1761 8 0.1761
telephone 0 0.3802 1 0.4947 3 0.3802 6 0.3802
television 0 0.2341 2 0.3045 3 0.2341 4 0.3458 6 0.3045 7 0.3045
televisions 3 0.7782
tell 3 0.7782
temperatures 0 0.4771 1 0.6207 9 0.7048
temple 3 1.0124
temples 1 0.7782
temporarily 1 0.7782
temptation 5 0.7782
ten 1 0.3045 2 0.3045 3 0.2341 6 0.2341 7 0.3045 8 0.2341
tend 8 0.7782
tendinitis 3 0.7782
tennessee 1 0.7782
tennis 0 0.6207 3 0.6207 7 0.4771
tens 6 0.6021 7 0.6021
teodoro 4 0.7782
term 3 1.3221
termed 6 0.7782
terms 0 0.1761 1 0.1761 2 0.1761 4 0.2291 6 0.2291 7 0.1761 9 0.2291
tero 6 0.6021 9 0.6021
terrain 4 0.6021 5 0.7833
terrible 6 0.6021 7 0.8893
terrific 4 0.7782
territory 2 0.7833 5 0.8893
terror 1 0.6091 3 0.3802 6 0.4947 9 0.4947
terrorism 1 0.4947 6 0.6460 7 0.4947 9 0.5616
terrorist 6 0.7048 7 0.4771 9 0.6207
terrorists 3 0.7782
terrorized 3 0.7782
test 2 0.3802 4 0.3802 7 0.3802 8 0.7015
tested 4 0.6021 9 0.6021
tests 8 0.7782
tevez 0 1.2466
text 3 1.1109 6 0.7833
th 5 0.7015 6 0.4947 8 0.3802 9 0.6091
thai 5 0.7782
thailand 1 1.0229 5 0.7833
than 0 0.0605 1 0.0738 2 0.0771 3 0.0799 4 0.0642 5 0.0605 6 0.0756 7 0.0605 8 0.0719 9 0.0697
thankful 5 0.7782
thankfully 9 0.7782
thanks 3 0.7782
that 0 0.0906 1 0.0970 2 0.0983 3 0.0999 4 0.0970 5 0.0987 6 0.1020 7 0.1029 8 0.1006 9 0.1053
the 0 0.1307 1 0.1310 2 0.1285 3 0.1319 4 0.1304 5 0.1315 6 0.1304 7 0.1295 8 0.1307 9 0.1319
theatre 5 0.7833 8 0.7833
theatrical 5 0.7782
theft 5 0.7833 8 0.6021
their 0 0.0799 1 0.0843 2 0.0786 3 0.0843 4 0.0833 5 0.0852 6 0.0786 7 0.0811 8 0.0852 9 0.0843
theirs 2 0.4771 7 0.4771 8 0.6207
them 0 0.0378 1 0.0492 2 0.0672 3 0.0771 4 0.0738 5 0.0605 6 0.0558 7 0.0642 8 0.0492 9 0.0642
themed 5 0.6021 8 0.6021
themselves 2 0.3916 3 0.3916 4 0.4447 5 0.4447 9 0.3916
then 0 0.1625 1 0.1249 2 0.1249 3 0.2123 4 0.1845 5 0.1625 6 0.1845 9 0.1249
theory 3 0.6021 5 0.7833
there 0 0.0642 1 0.0756 2 0.0786 3 0.0697 4 0.0697 5 0.0719 6 0.0861 7 0.0786 8 0.0822 9 0.0799
thereof 1 0.7782
these 0 0.0792 1 0.1030 2 0.1170 3 0.1030 4 0.1269 5 0.1030 7 0.1030 8 0.1170 9 0.1461
they 0 0.0492 1 0.0799 2 0.0786 3 0.0719 4 0.0786 5 0.0786 6 0.0672 7 0.0697 8 0.0833 9 0.0870
thing 0 0.2341 1 0.2341 4 0.3045 5 0.2341 7 0.2341 9 0.2341
things 2 0.3010 4 0.3010 5 0.3010 7 0.3010 8 0.3916
think 0 0.1249 2 0.1249 3 0.2002 4 0.1625 6 0.1625 7 0.1249 8 0.1249 9 0.1249
thinking 4 0.6021 5 0.6021
third 0 0.1408 1 0.0792 2 0.0792 3 0.1030 4 0.1269 5 0.1030 6 0.1030 7 0.1170 8 0.0792
this 0 0.0605 1 0.0738 2 0.0786 3 0.0738 4 0.0799 5 0.0822 6 0.0738 7 0.0799 8 0.0771 9 0.0878
thlead 2 0.9645 7 0.7833
thomas 0 0.9645 6 0.7833
thorner 5 0.7782
those 2 0.2601 3 0.2291 4 0.2992 5 0.2821 7 0.2992 8 0.3249 9 0.2291
though 3 0.4447 6 0.3916 7 0.3916 8 0.3010 9 0.3916
thought 0 0.1030 1 0.0792 2 0.0792 3 0.1030 4 0.1269 5 0.0792 7 0.0792 8 0.0792 9 0.1030
thoughts 3 0.6021 5 0.6021
thousands 1 0.4823 2 0.3010 6 0.4447 8 0.3916 9 0.3010
thrashed 4 0.7782
threat 0 0.1170 1 0.1170 2 0.1170 3 0.1269 5 0.0792 6 0.1507 7 0.0792 8 0.1030 9 0.1408
threatened 3 0.7782
threatening 6 0.7782
threats 2 0.4947 6 0.3802 7 0.4947 8 0.6091
three 0 0.0786 1 0.0697 2 0.0642 3 0.0605 4 0.0672 5 0.0605 6 0.0719 7 0.0558 8 0.0672 9 0.0719
threw 1 0.6021 6 0.6021
thrilled 0 0.4771 1 0.4771 4 0.6207
thrive 3 0.7782
through 0 0.0378 1 0.0558 2 0.0605 3 0.0378 4 0.0492 5 0.0492 6 0.0378 7 0.0605 8 0.0605 9 0.0378
throughout 3 0.6021 9 0.6021
throwing 4 0.7782
thrown 1 0.6021 9 0.7833
throws 2 0.6021 7 0.6021
thurnbichler 6 0.7782
thursday 0 0.0492 1 0.0642 2 0.0642 3 0.0558 4 0.0642 5 0.0786 6 0.0378 7 0.0378 8 0.0756 9 0.0558
thwarted 1 0.7782
tickets 4 0.7782
tie 0 0.7048 2 0.4771 6 0.4771
tier 2 0.6021 4 0.6021
ties 5 0.6021 6 0.6021
tiger 5 0.7782
tigers 5 1.0124
tight 3 0.6021 6 0.7833
tighten 6 0.7833 9 0.9645
tightly 4 0.6021 9 0.6021
tikva 6 0.7782
till 7 0.7782
tim 0 1.2466
time 0 0.1461 1 0.1461 2 0.1269 3 0.1507 4 0.1547 5 0.1408 6 0.1030 7 0.1345 8 0.1030
times 0 0.1249 1 0.1249 3 0.2002 4 0.1249 5 0.1249 6 0.2002 7 0.1249 9 0.1249
timonen 0 0.7782
tina 5 0.7782
tine 0 0.7782
tinge 2 0.7782
tiny 7 0.7782
tip 0 0.4771 1 0.4771 5 0.4771
tis 0 0.7782
tit 5 0.7782
title 3 0.3802 4 0.3802 5 0.3802 6 0.3802
titled 5 0.6021 8 0.6021
to 0 0.1143 1 0.1192 2 0.1151 3 0.1157 4 0.1168 5 0.1168 6 0.1170 7 0.1151 8 0.1187 9 0.1168
today 5 0.3916 6 0.3010 7 0.3010 8 0.3010 9 0.3010
toes 3 0.7782
toffees 7 0.7782
together 0 0.3802 5 0.3802 7 0.3802 9 0.3802
token 1 0.7782
tokyo 1 0.7833 6 0.6021
told 0 0.0697 1 0.0672 2 0.0719 3 0.0719 4 0.0605 5 0.0642 6 0.0719 7 0.0786 8 0.0719 9 0.0756
tolerance 2 0.3802 6 0.4947 7 0.4947 9 0.3802
tolerated 1 0.7782
toll 0 0.1269 1 0.1170 2 0.1408 3 0.1030 4 0.1170 6 0.1408 7 0.1408 8 0.1030 9 0.1170
tom 0 1.0124
tompsett 5 0.7782
tonne 8 0.7782
tonnes 0 0.7782
tons 0 1.2466
tony 3 0.6021 8 0.6021
too 0 0.1761 1 0.2291 2 0.1761 4 0.1761 6 0.1761 8 0.2291 9 0.1761
took 0 0.0378 1 0.0378 2 0.0378 3 0.0558 4 0.0378 5 0.0492 6 0.0492 7 0.0492 8 0.0558 9 0.0719
tool 1 0.7782
top 0 0.0492 1 0.0605 2 0.0378 3 0.0558 4 0.0672 5 0.0642 6 0.0605 7 0.0719 8 0.0492 9 0.0378
topalov 7 0.7782
topic 6 0.6021 9 0.6021
topped 9 0.7782
topping 2 0.6021 3 0.6021
topple 2 0.4771 7 0.4771 8 0.6207
torched 4 0.7782
torn 2 0.3802 3 0.4947 4 0.3802 6 0.3802
toronto 0 1.2466
torrential 0 0.6021 1 0.6021
torrid 0 0.7782
total 0 0.1761 2 0.2821 4 0.1761 5 0.2291 6 0.2291 7 0.1761 9 0.2601
totally 8 0.7782
touch 0 0.9645 4 0.6021
touchdown 0 1.0124
touche 5 0.7782
touched 0 0.6207 1 0.4771 4 0.7048
tough 0 0.3802 1 0.4947 5 0.3802 8 0.4947
toughest 4 0.6021 9 0.6021
tour 3 0.3802 4 0.7604 5 0.5616 8 0.4947
touray 7 0.7782
tourism 3 0.6021 4 0.6021
tourist 1 0.7782
tourists 0 0.3802 1 0.3802 5 0.3802 9 0.3802
tournament 0 0.4823 1 0.4823 2 0.3916 3 0.4447 7 0.3916
tournaments 3 0.7782
toward 1 0.7782
towards 0 0.1625 1 0.1625 2 0.1249 3 0.1625 5 0.1249 6 0.1845 7 0.1249 9 0.1625
tower 6 0.7782
towering 3 0.7782
towers 1 0.7782
town 0 0.2123 1 0.1845 2 0.1625 3 0.1625 6 0.1625 7 0.1845 8 0.1625 9 0.2222
towns 0 0.7782
trabzonspor 3 0.7782
trace 9 0.7782
tracks 9 0.7782
trade 4 0.6021 7 0.6021
tradition 1 0.3802 4 0.3802 6 0.3802 9 0.4947
traditional 3 0.3010 4 0.3916 5 0.3010 6 0.3010 9 0.3010
traditionally 1 0.7782
traffic 1 1.0124
trafficked 3 0.6021 5 0.7833
trafficking 2 1.0124
trafford 0 0.4771 2 0.4771 4 0.7644
tragedies 6 0.6021 9 0.6021
tragedy 1 0.4771 6 0.4771 9 0.4771
train 1 0.7782
trained 1 0.7833 9 0.6021
training 1 0.3045 2 0.2341 3 0.2341 5 0.2341 6 0.3750 7 0.2341
tran 6 0.7782
trans 9 0.7782
transfer 3 0.4771 4 0.4771 9 0.4771
transferred 0 0.6207 1 0.6207 5 0.6207
transformation 7 0.6021 8 0.6021
transforms 6 0.6021 7 0.6021
transit 9 0.7782
translator 2 0.7833 3 0.7833
translucent 7 0.7782
transmit 9 0.7782
transparency 4 1.0124
transport 1 0.3916 3 0.3010 6 0.3010 7 0.3916 9 0.3010
travel 0 0.3802 1 0.5616 3 0.3802 9 0.3802
traveling 1 0.7782
travelling 3 0.3802 6 0.3802 7 0.3802 8 0.3802
treated 0 0.3010 2 0.3010 3 0.3010 4 0.3010 6 0.3010
treatment 0 0.6021 1 0.7833
tree 7 0.7782
trees 0 1.1494
trend 2 0.4771 6 0.4771 9 0.4771
trial 0 0.3010 2 0.3010 3 0.3010 5 0.3916 7 0.3010
trials 2 0.6021 7 0.6021
tribal 0 0.2291 1 0.2291 3 0.2291 6 0.2291 7 0.2992 8 0.2291 9 0.2291
tribesman 7 0.7782
tribute 0 0.7833 7 0.6021
tributes 0 0.7782
tricky 0 0.7782
tried 1 0.1761 4 0.1761 5 0.1761 6 0.2821 7 0.1761 8 0.2291 9 0.1761
trio 5 0.7782
trip 7 0.7782
tripping 0 0.7782
triumph 0 0.7782
triumphant 1 0.7782
triumphs 4 0.6021 9 0.6021
troop 3 0.7782
troops 0 0.0492 1 0.0558 2 0.0378 3 0.0605 4 0.0492 5 0.0378 6 0.0719 7 0.0738 8 0.0697 9 0.0492
trophy 0 0.6021 7 0.6021
tropical 0 0.7782
trott 8 0.7782
troubled 3 0.4771 6 0.4771 7 0.6207
troubles 5 0.7782
trouncing 0 0.7782
truck 8 1.0124
trucks 3 0.4771 6 0.4771 7 0.4771
true 1 0.7782
truly 9 0.7782
trust 6 0.7782
truth 0 0.3802 1 0.3802 5 0.3802 7 0.3802
try 0 1.2290 4 0.6021
trying 0 0.5616 1 0.6091 6 0.6091 9 0.3802
tsonga 7 1.1494
tuesday 1 0.6207 5 0.4771 7 0.4771
tun 0 0.7782
tuned 4 0.7782
tunisia 4 0.7782
turbines 5 1.0124
turin 0 0.7782
turkey 3 0.6021 9 0.9645
turned 1 0.3045 2 0.2341 5 0.2341 6 0.3045 7 0.2341 8 0.3045
turning 6 0.6021 9 0.6021
turnout 4 0.7782
turns 8 0.7782
tutsi 8 0.7782
tv 4 0.7833 9 0.6021
twelfth 1 0.7782
twelve 4 0.7782
twenty 8 1.0124
twice 0 0.1761 2 0.1761 3 0.1761 5 0.1761 6 0.1761 7 0.1761 9 0.1761
twins 5 1.0124
twist 5 0.7782
two 0 0.0822 1 0.0756 2 0.0605 3 0.0799 4 0.0786 5 0.0738 6 0.0738 7 0.0756 8 0.0672 9 0.0558
types 2 0.3802 4 0.3802 6 0.3802 9 0.3802

