vacation 1 1.0124
vacationers 0 0.7782
val 3 0.7782
valley 1 0.4771 2 0.4771 5 0.4771
valuable 5 0.6021 8 0.6021
values 9 1.0124
van 0 0.3010 4 0.3010 5 0.3916 6 0.3010 8 0.3010
vancouver 0 1.0706 5 0.6021
vandals 4 0.7782
vanhanen 6 0.7833 9 0.8893
vans 8 0.7782
various 0 1.0124
vast 8 0.7782
vatican 2 0.4771 6 0.4771 9 0.6207
ve 0 0.2601 1 0.1761 3 0.2601 4 0.2291 5 0.2291 7 0.1761 8 0.1761
vegas 1 0.7782
vegetation 0 1.0124
vehicle 0 0.2002 1 0.1845 2 0.1249 3 0.1845 5 0.1249 6 0.1845 7 0.2305 9 0.1249
vehicles 2 0.1761 3 0.1761 4 0.2291 5 0.1761 7 0.2291 8 0.1761 9 0.2291
venezuela 1 0.6207 2 0.8484 5 0.9324
venezuelan 1 0.4771 2 0.6207 5 0.7048
venture 3 0.7782
venturing 1 0.7782
venue 4 0.7833 5 0.7833
verge 4 0.7782
verhagen 2 0.7833 5 0.7833
very 0 0.0605 1 0.0605 2 0.0492 3 0.0605 4 0.0642 5 0.0642 6 0.0719 7 0.0558 8 0.0642 9 0.0697
veselin 7 0.7782
vessel 1 0.7782
vest 0 0.3802 2 0.3802 4 0.3802 9 0.3802
vests 1 0.6021 2 0.6021
veteran 3 0.6021 8 0.6021
veterans 0 0.7782
vezina 0 0.7782
via 0 0.7782
vice 5 0.7782
victims 0 0.0378 1 0.0378 2 0.0378 3 0.0378 4 0.0378 5 0.0378 6 0.0558 7 0.0378 8 0.0492 9 0.0558
victor 0 0.7782
victory 0 0.6091 6 0.3802 7 0.3802 9 0.3802
vid 5 1.6700
video 0 1.0124
videos 1 0.7833 5 0.6021
vidic 4 0.7782
vienna 4 0.6460 5 0.3802 7 0.3802 9 0.4947
vietnamese 1 0.6021 6 0.6021
view 1 0.6021 3 0.6021
viewers 4 0.7782
village 0 0.1461 1 0.1269 2 0.1269 3 0.1408 5 0.1170 6 0.1030 7 0.1584 8 0.1269 9 0.0792
villagers 0 0.3010 1 0.3010 3 0.3010 5 0.3010 7 0.4447
villiers 5 0.6021 8 0.6021
vincent 0 0.7782
vintages 4 0.7782
violated 2 0.2291 3 0.2601 4 0.2291 5 0.2821 7 0.1761 8 0.1761 9 0.2291
violation 2 0.3010 3 0.3010 5 0.4447 6 0.3010 9 0.3010
violations 0 0.3802 2 0.3802 7 0.4947 8 0.4947
violence 0 0.1170 1 0.1170 2 0.1461 3 0.0792 5 0.0792 6 0.1507 7 0.1269 8 0.1170 9 0.1547
violent 0 0.1761 1 0.2821 2 0.2601 3 0.2601 5 0.1761 6 0.2821 9 0.2291
virpi 5 0.7782
virtual 6 0.7782
visa 9 0.7782
visibility 4 0.6021 9 0.6021
vision 0 0.7833 1 0.7833
visit 3 0.4771 4 0.4771 9 0.4771
visited 3 0.4771 5 0.4771 8 0.4771
visiting 6 1.0124
visitors 0 0.6207 4 0.4771 5 0.4771
visits 3 0.7782
visually 1 0.7782
viswanathan 7 0.7782
vital 1 0.6021 3 0.7833
vivek 6 0.7782
vladimir 6 0.6021 8 0.6021
voiced 1 1.1953 5 0.8106 8 0.4771
volkswagen 5 1.3221
volleyball 0 0.1507 1 0.1408 2 0.1461 3 0.1547 4 0.0792 5 0.1170 7 0.1547 8 0.1674 9 0.1547
volunteers 3 0.7782
vote 0 0.2341 2 0.3045 6 0.3458 7 0.2341 8 0.3045 9 0.2341
voted 0 1.0124
vow 3 0.7782
vowed 0 0.1761 1 0.1761 2 0.1761 3 0.2601 5 0.2291 7 0.1761 8 0.1761
vowing 2 0.6021 7 0.6021
vows 2 0.7782
vulnerability 8 0.7782
vylegzhanin 4 0.7782

