uche 0 0.7782
uday 2 0.2341 3 0.2341 4 0.2341 5 0.2341 7 0.2341 8 0.2341
ugo 0 1.0124
uk 1 0.6021 5 0.6021
ukr 0 0.7782
ulster 2 1.0124
ultimate 1 0.7782
ultimately 1 0.4771 3 0.4771 5 0.6207
ultra 5 0.7782
umar 1 0.6207 6 0.6207 9 0.4771
umpire 9 0.7782
umpires 8 0.7782
un 2 0.2341 3 0.2341 5 0.2341 7 0.3045 8 0.4455 9 0.2341
unarmed 2 0.2291 3 0.2601 4 0.2601 5 0.2821 7 0.2291 8 0.2291 9 0.2601
unattached 0 0.7782
uncertainty 1 0.6021 3 0.6021
unclear 2 0.3802 3 0.3802 4 0.4947 5 0.3802
unconditional 2 0.4771 7 0.4771 8 0.6207
uncontrolled 7 0.7782
under 0 0.0605 1 0.0558 2 0.0605 3 0.0697 4 0.0605 5 0.0697 6 0.0378 7 0.0558 8 0.0697 9 0.0605
underdogs 4 0.7782
underinvestment 9 0.7782
understand 2 0.1761 3 0.1761 4 0.1761 5 0.1761 7 0.1761 8 0.1761 9 0.2291
understanding 0 0.7782
understands 1 0.7782
underwear 1 0.6021 9 0.6021
underwent 3 0.6021 7 0.6021
undetected 9 0.7782
unemployment 3 0.6021 9 0.7833
unexpectedly 3 0.7782
unfair 2 0.6021 5 0.6021
unforgiving 5 0.7782
unfurl 6 0.6021 7 0.6021
unhappy 9 0.7782
unharmed 0 0.3802 1 0.3802 4 0.5616 5 0.3802
unidentified 1 0.7782
union 5 0.4771 8 0.4771 9 0.4771
unirea 6 1.0124
unit 3 0.7782
unite 2 0.4771 7 0.4771 8 0.6207
united 0 0.0642 1 0.0738 2 0.0771 3 0.0605 4 0.0786 5 0.0672 6 0.0558 7 0.0558 8 0.0378 9 0.0558
unity 2 0.3802 6 0.3802 7 0.3802 8 0.4947
universal 2 0.7782
university 2 0.1761 3 0.1761 4 0.1761 5 0.1761 6 0.1761 7 0.2291 8 0.1761
unknown 4 0.6021 9 0.7833
unleashed 0 0.3802 2 0.3802 3 0.3802 4 0.3802
unleashing 1 0.6021 2 0.6021
unless 4 0.7782
unlicensed 9 0.7782
unmanned 3 0.7782
unnecessary 9 0.7782
unprecedented 0 0.6021 2 0.6021
unprovoked 2 0.1761 3 0.1761 4 0.2291 5 0.1761 7 0.1761 8 0.1761 9 0.2291
unquestionably 5 0.4771 7 0.4771 8 0.4771
unrest 0 0.2341 2 0.4455 3 0.3458 6 0.3045 7 0.3977 8 0.3750
unscrewed 5 0.6021 8 0.6021
until 1 0.4947 4 0.4947 5 0.3802 9 0.4947
untreated 9 0.7782
unusual 1 1.0124
unveil 1 0.7782
unwilling 2 0.4771 7 0.4771 8 0.6207
up 0 0.0811 1 0.0899 2 0.0756 3 0.0771 4 0.0672 5 0.0672 6 0.0811 7 0.0822 8 0.0756 9 0.0738
upcoming 8 0.7782
updated 5 0.7782
updates 1 0.7782
uphold 9 0.7782
uprising 5 0.7782
upset 5 0.6021 9 0.6021
uranium 9 0.7782
urbina 2 0.2291 3 0.2821 4 0.2601 5 0.3131 7 0.2291 8 0.2291 9 0.2291
urged 2 0.3010 3 0.3916 6 0.3010 7 0.3916 8 0.4447
urgent 0 0.1249 1 0.1249 2 0.1249 3 0.1249 4 0.1249 7 0.1249 8 0.1625 9 0.1625
urgently 6 0.6021 9 0.8893
urges 9 0.7782
urging 0 0.3010 1 0.3010 3 0.3010 6 0.3010 7 0.3010
urziceni 6 1.1494
us 0 0.0822 1 0.0861 2 0.0931 3 0.0991 4 0.0843 5 0.0919 6 0.0919 7 0.0961 8 0.0852 9 0.0852
usa 0 1.3221
use 0 0.0792 2 0.1170 3 0.0792 4 0.1030 5 0.1030 6 0.1030 7 0.0792 8 0.0792 9 0.1030
used 1 0.0792 2 0.1030 3 0.1030 4 0.0792 5 0.1170 6 0.1170 7 0.0792 8 0.0792 9 0.0792
users 1 0.7782
uses 4 0.6021 9 0.6021
usf 6 0.7833 7 0.7833
ushered 2 0.3802 5 0.3802 6 0.3802 7 0.3802
ushers 5 0.7782
using 1 0.1170 2 0.1269 3 0.1408 4 0.1269 5 0.1408 6 0.0792 7 0.1030 8 0.1030 9 0.1269
usman 9 0.7782
usually 8 0.7782
utd 4 0.7782

