yakubu 0 0.7782
yangon 1 0.7782
yannick 0 1.0124
yaounde 1 0.7782
yawar 8 0.7782
year 0 0.0833 1 0.0833 2 0.0719 3 0.0756 4 0.0885 5 0.0919 6 0.0885 7 0.0756 8 0.0799 9 0.0822
years 0 0.0642 1 0.0672 2 0.0605 3 0.0642 4 0.0719 5 0.0642 6 0.0756 7 0.0558 8 0.0492 9 0.0697
yehuda 0 0.7782
yemen 1 0.4779 2 0.3045 6 0.5024 7 0.4455 8 0.3750 9 0.3977
yemeni 1 0.6460 6 0.4947 8 0.4947 9 0.4947
yet 0 0.0792 1 0.1030 2 0.0792 3 0.1030 4 0.1170 6 0.0792 7 0.1030 8 0.0792 9 0.0792
yevgeny 9 0.7782
yobo 0 0.7782
yoga 1 1.0124
yorio 2 0.3802 3 0.5616 4 0.3802 5 0.6460
york 0 0.2992 1 0.1761 3 0.3249 4 0.1761 6 0.2291 7 0.1761 9 0.1761
yorkers 6 0.7782
yorkshire 4 0.7782
you 2 0.2123 3 0.1845 4 0.2222 5 0.1625 6 0.1845 7 0.2002 8 0.2305 9 0.1249
young 1 0.1030 2 0.0792 3 0.0792 4 0.1030 5 0.0792 6 0.0792 7 0.0792 8 0.0792 9 0.1170
youngest 0 0.6021 7 0.7833
youngsters 4 0.7782
younis 0 0.7782
your 2 0.2341 4 0.3750 5 0.2341 7 0.2341 8 0.3045 9 0.3750
yourself 4 0.7782
yousuf 7 0.7782
yudhoyono 7 0.7782
yugoslav 5 0.7782
yusuf 0 1.0124
yutaka 7 0.7782

