114303,31528
114303,49006
114303,111637
114303,113552
114303,114218
114218,57861
114218,74073
114218,89173
114218,107058
114218,108158
114218,109690
114230,5875
114230,19645
114230,36273
114230,45989
114230,50233
114230,54547
114230,58953
114230,73085
114230,73822
114230,79086
114230,95937
114230,105239
114230,107370
114230,112578
114230,113288
114230,113382
114230,114061
114230,114174
114230,114218
114230,114239
114230,114303
114230,114311
112968,113827
114308,101782
114213,114181
114174,11885
114174,114218
114174,114230
113467,81036
112927,113439
114291,97437
114291,113827
113923,75401
113923,114309
114309,75404
114309,100899
114309,113584
114309,114230
114311,30170
114311,72797
114311,101170
114311,110931
114311,114230
113827,114041
108999,111848
112578,112579
113382,110077
114041,113827
91780,91781
114119,69160
114119,112227
95048,83407
113921,25384
112899,95557
114139,89473
112279,37139
111257,114258
113552,32690
113584,109670
113584,113613
112576,104833
112655,98469
113214,107710
110931,20850
112564,111192
114212,63244
112227,102339
98393,74075
109291,114311
109332,32611
2602,111257
112654,112655
113613,110931
108870,2897
74206,90202
89654,84693
61240,114212
20931,114239
109019,94465
112715,114218
112715,114230
4278,114291
106903,64721
105097,113827
101415,108813
109081,74771
107747,112253
57621,5659
58979,5667
5667,114311
114082,50725
99257,94414
112325,86125
102048,99707
112236,46253
70381,113987
109902,114119
43065,43066
74073,59217
24451,114218
88397,67723
100634,100635
100634,107726
30612,30613
99867,99868
78928,114030
10972,10973
11656,105812
11660,114218
101019,35380
107370,111879
13177,33581
13306,13307
107900,47439
111852,114230
35378,101019
42092,111385
78384,77209
100944,58589
98362,98363
16217,16218
16728,16729
17127,61240
91031,112476
17620,17618
110599,70260
101782,18664
44843,101019
18755,18756
29265,29266
69790,19112
19609,19610
108039,108040
106315,98128
20846,23900
20848,110931
20850,29440
29440,108158
20853,20854
93597,81550
20996,20997
21002,114174
21010,21011
21011,21012
23157,112162
23433,114311
23947,23948
44068,37152
24865,113856
24949,24950
27284,27285
28382,28383
32683,114119
29261,29262
29266,111067
29268,29269
29863,29864
50399,29902
30125,30126
31132,109087
86493,90188
32617,104208
32682,32683
69160,112227
32687,114303
112609,114061
34118,114094
34831,113051
83609,111113
36452,103835
109188,109189
37115,113987
37118,37119
37142,37143
99708,99712
101754,114218
40591,40592
50235,50236
41517,41518
42414,42415
42756,105344
105301,43136
43150,43151
110521,113467
44846,44847
108918,113797
47953,90386
47360,47361
94927,114230
48043,48044
48046,114230
48446,48447
48702,114230
50118,50119
50150,50151
50233,50234
50236,50237
50917,97173
60091,114218
51989,51990
52563,74073
52565,113987
53358,114239
53774,108158
53777,114291
53803,108444
68677,53808
53809,57500
53822,53823
54498,54499
55319,94165
55339,55340
74075,74076
106775,114230
58599,58600
59212,102636
60565,60566
99668,61054
68924,61231
61235,61236
61462,106860
61641,61640
62463,62464
65537,65538
102462,65540
68812,68813
70266,77220
77220,70268
70269,70270
70579,90886
70585,70586
71133,107952
101680,114218
73079,73080
73081,73082
79222,114230
73086,73087
74234,74235
74367,114218
99862,99863
75385,114239
75387,75388
75947,112759
76171,76084
76136,99986
76897,76898
79755,79756
80280,89178
81542,81543
81548,93597
81552,81553
81964,81965
83597,89443
83602,83603
83603,83604
83607,114230
84072,114230
85890,85891
86360,86361
86508,86509
108044,108045
87497,99843
87658,87659
107713,114174
89116,89117
110715,110713
89493,89492
90376,90377
90655,107514
92199,92209
92566,96433
93332,114218
93369,93370
94419,112880
94421,106357
110889,110890
94917,101782
94930,114311
108508,94934
94947,94948
103545,94950
95276,105512
95310,114291
97915,112146
98205,98206
98480,114218
100100,100101
101786,114239
109687,109688
105132,105133
111238,105561
105767,114311
105800,105801
105801,105802
105803,105804
106040,110864
106271,106272
106887,106888
107440,107441
107664,107665
108041,108042
108043,108044
108047,108048
108050,108051
108052,108053
109678,114174
109699,109700
110090,110091
110865,110866
110866,110867
110868,110869
110869,110870
110870,110871
110872,110873
110873,110877
110877,110880
110874,110875
110875,110876
110881,110882
110882,110883
110883,110884
111751,111752
112247,112248
113080,114218
