24804,12931
24804,20792
24804,23764
22430,23458
24841,16567
24841,18766
24841,24034
24841,24716
24711,20454
24715,12652
24699,24804
24356,20450
24092,13919
24393,24394
24181,11716
24788,21151
11118,11112
24716,14825
24053,16389
20454,20455
21147,21148
1058,1059
1786,24699
2067,1796
1807,1808
17247,6306
2286,2287
2345,17489
2365,2366
23694,23695
2999,3000
3004,3005
3312,3313
3318,24699
3326,3327
3327,3328
19552,19553
3626,3627
16793,10308
4249,21645
13135,13136
5746,5747
5753,5754
5754,5755
5756,5757
6269,6268
19472,24434
6541,6542
11780,11781
6886,6887
6892,6893
8454,24716
8749,24841
10353,8773
9367,24177
16387,16385
10284,15897
10287,10288
10311,10312
16299,10321
11775,20710
10790,10791
18247,24699
11117,11116
11119,11120
11429,11430
11777,11778
11779,11780
11783,21706
11786,11787
11788,11789
12609,13625
12678,12679
13129,24841
13132,24716
13149,13150
13151,13152
13598,13599
21032,21033
14487,14488
14702,14703
14732,24774
15911,15912
15921,15931
16395,16396
17406,17407
16750,16751
16756,16757
16757,16758
16760,16761
16962,16963
16963,16964
16965,16966
16966,16967
16967,16968
16969,16970
16970,16974
16974,16977
16971,16972
16972,16973
16978,16979
16979,16980
16980,16981
16986,16987
17398,17399
17407,24716
17776,17777
24047,24048
18924,20723
18928,24804
19777,24638
20355,24804
20447,20448
20448,24356
20450,24092
20452,24711
20711,20712
20712,20713
20714,20715
21132,24638
21134,21135
21533,23833
21549,23764
21552,24774
21578,21579
24324,21583
21584,21585
23011,23012
23647,23648
23652,23653
23653,23654
23657,24841
23701,23702
24037,24038
24042,24043
24060,24061
