49460,16977
49460,31821
49460,36851
49460,47014
49460,47280
49460,49406
49460,49429
49460,49454
49362,9529
49362,47185
49362,49071
49406,6056
49406,39741
49406,47580
49406,47847
49428,43182
49454,21235
49454,49406
49429,6778
49429,28390
49429,48532
48849,42750
49321,24097
10166,10167
49263,27689
49263,35490
49338,35487
49338,49263
45716,40412
49228,9979
332,333
336,337
337,43938
339,340
682,49454
13057,692
703,704
946,33203
966,967
47284,23789
47177,41445
10828,6926
48955,25759
48955,48318
47820,45378
46262,34661
2979,3432
42840,49429
7016,49454
3645,3646
9977,49228
5633,5634
48532,6261
47853,11283
47185,9984
46959,10875
39613,46347
5151,5152
31589,5200
42072,49228
30065,35337
5630,5631
5632,5633
5636,47578
5639,15228
5641,22538
8070,8071
6257,44870
6259,48532
6261,10592
10592,47847
6264,6265
6337,34685
6931,6930
6933,47483
42652,7390
7400,7401
30833,10888
8038,8039
19373,8076
8227,8228
47306,8236
8236,49429
8972,45681
42672,49406
9976,9977
9979,47284
9981,49362
47120,43325
36362,13661
10851,49109
10854,10855
10878,10879
11289,11290
19878,19879
24275,11433
11437,11438
34444,49450
12029,49429
14747,14746
15093,15094
45343,45344
15965,15966
35956,49336
29269,29270
48900,28040
17548,17549
37652,33145
18656,49403
18781,18782
22311,18784
41053,47899
19805,19806
19854,19855
19855,19856
19857,19858
19858,19859
19859,19860
19861,19862
19862,19866
19866,19869
19863,19864
19864,19865
19870,19871
19871,19872
19872,19873
20643,38031
21086,35350
21090,49406
22478,48000
47879,47880
24301,24302
26226,26227
26289,26290
26781,44739
27371,27372
27378,27379
27379,27380
27381,27382
28109,47835
28115,28116
28563,28564
31258,31259
44576,44577
31815,31816
31817,31818
41420,49460
31822,31823
31908,31909
34616,36774
32280,32281
32329,41077
33145,33146
47545,46692
33378,33379
43182,34594
34703,34704
35338,35339
35339,35340
35341,35342
35471,49223
35473,35474
36105,46236
36221,36222
36270,36271
45062,43071
36728,36729
37478,37479
38258,38259
38528,38529
39123,39124
39129,49454
39137,39138
39138,39139
44560,44561
46924,48646
40216,40217
40996,46973
41283,49460
41738,41739
42129,42130
42459,42460
43140,43554
43219,43220
44554,49460
44557,49429
44574,44575
44914,44915
45336,45337
45342,45343
45346,45347
46213,46214
47043,49223
47351,49406
47638,47639
47846,47847
47849,49403
47875,47876
47881,47882
48888,48889
48893,48894
48894,48895
48898,49460
