45181,15563
45181,19227
45181,29355
45181,43063
45181,43316
45181,45127
45181,45150
45181,45175
45083,43243
45083,44858
45127,5516
45127,36479
45127,43547
45127,43803
45149,39552
45175,19472
45175,45127
45150,6190
45150,26148
9293,9294
45006,25480
45006,32732
45059,32729
45059,45006
41899,33676
44971,9106
265,266
269,270
270,40247
272,273
582,45175
11984,592
603,604
44669,39158
835,30620
855,856
43320,13129
43235,37948
1241,45124
9933,6316
44764,23633
42366,31919
2726,3170
39248,45150
6406,45175
3387,3388
9104,44971
45042,22061
5172,5173
44412,5699
43809,10328
43243,9111
43019,9980
29114,4793
38546,44971
27710,32579
5169,5170
5171,5172
5175,43545
5178,14015
5180,20712
7455,7456
5695,41086
5697,44412
5699,9708
9708,43803
5702,5703
5775,31943
6321,6320
6323,6324
34642,30562
39082,6772
6782,6783
28447,9993
7423,7424
17783,7461
7568,7569
43342,7577
7577,45150
9103,9104
9106,43320
9108,45083
30393,39673
33492,12566
9956,41306
9959,9960
9983,9984
10334,10335
10421,10422
10426,10427
31746,45171
11026,45150
43776,41572
13556,13555
13880,13881
41537,41538
33157,45057
26964,26965
44709,25809
16100,16101
17103,17104
17225,17226
20497,17228
37602,43310
18128,18129
18155,18156
18156,18157
18158,18159
18159,18160
18160,18161
18162,18163
18163,18167
18167,18170
18164,18165
18165,18166
18171,18172
18172,18173
18173,18174
18179,18180
18877,34982
19323,32592
19327,45127
20664,43923
43835,43836
22254,22255
24101,24102
24164,24165
24645,40966
25173,25174
25180,25181
25181,25182
25183,25184
25867,43791
25873,25874
26299,26300
28827,28828
40814,40815
29349,29350
29351,29352
37934,45181
29356,29357
29428,29429
29805,29815
30562,30563
43512,42752
30795,30796
39552,31863
31874,33895
31961,31962
32580,32581
32581,32582
32583,32584
32713,44966
32715,32716
33261,42340
33366,33367
33400,33401
41278,39451
33849,33850
34501,34502
35198,35199
35423,35424
35980,35981
35986,45175
35994,35995
35995,35996
40798,40799
42984,44515
36864,36865
37545,43033
37808,45181
38234,42328
38592,38593
38900,38901
39510,39511
39578,39579
40792,45181
40795,45150
40812,40813
41130,41131
41530,41531
41536,41537
41540,41541
43092,44966
43387,45127
43605,43606
43802,43803
43805,45124
43831,43832
43837,43838
44697,44698
44702,44703
44703,44704
44707,45181
