41581,6492
41581,14539
41581,27162
41581,31454
41581,39706
41581,41550
41581,41575
41483,39835
41527,5119
41527,33837
41527,40105
41527,40313
41549,36587
41204,21000
8497,8498
41024,23664
41024,30305
41459,30302
41459,41024
38719,31190
41381,8251
265,266
269,270
270,37172
272,273
41575,18094
41575,41527
41550,5659
41550,24308
515,41575
11159,525
536,537
40546,12276
41121,36241
731,28292
751,752
39827,35211
9101,5785
39095,29529
2458,2890
34583,41550
5863,41575
3083,3084
41442,20469
4787,4788
41412,5290
40319,9508
39835,8256
39684,9148
26921,4432
35726,41381
25688,30152
4784,4785
4786,4787
4790,40103
4793,13105
4795,19206
6762,6763
5286,38005
5288,41412
5290,8876
8876,40313
5293,5294
5352,29553
5790,5789
5792,5793
32075,28234
36165,6161
6171,6172
30730,9161
6849,6850
6730,6731
16576,6768
6841,6842
6850,41550
7308,7309
7309,7310
7311,7312
7312,7313
7313,7314
7315,7316
7316,7320
7320,7323
7317,7318
7318,7319
7324,7325
7325,7326
7326,7327
7332,7333
8248,8249
8249,41381
8251,40546
8253,41483
28065,36670
31018,8518
9124,38189
9127,9128
9151,9152
9434,24489
9514,9515
9601,9602
9606,9607
29355,41571
10158,41550
34132,38431
10715,10716
12670,12669
12970,12971
24966,24967
41149,23981
15024,15025
15922,15923
15952,41524
16056,16057
18991,16059
34889,39648
16883,16884
17549,32379
17957,30165
17961,41527
19158,40409
40345,40346
22391,22392
22454,22455
22911,37897
23357,23358
23364,23365
23365,23366
23367,23368
24027,24028
24033,24034
37745,37746
27156,27157
27158,27159
35197,41581
27163,27164
27235,27236
27564,31249
28234,28235
40070,39454
28477,28478
36587,29473
29484,29485
29571,29572
30153,30154
30154,30155
30156,30157
30286,41376
30288,30289
30817,39069
30913,30914
30935,30936
38173,35376
31357,31358
31967,31968
32595,32596
32820,32821
33350,33351
33356,41575
33364,33365
33365,33366
37729,37730
39649,41003
34211,34212
34832,34833
35083,41581
35438,35439
35772,35773
36031,36032
36545,36546
37723,41581
37726,41550
37743,37744
38049,38050
38389,38390
38395,38396
38396,38397
38399,38400
39735,41376
39945,41527
40163,40164
40312,40313
40315,41524
40341,40342
40347,40348
41137,41138
41142,41143
41143,41144
41147,41581
