38344,6063
38344,13445
38344,25143
38344,29022
38344,36671
38344,38313
38344,38338
38259,36774
38312,33793
37993,19431
38290,4802
38290,31213
38290,37005
38290,37174
7892,7893
37813,21998
37813,27939
38248,27936
38248,37813
35781,28771
38170,7708
38338,16777
38338,38290
38313,5303
38313,15451
463,38338
10352,473
484,485
37407,11425
37910,33140
679,26142
699,700
36766,32527
13571,13565
36111,27216
2260,2683
33532,38313
2843,2844
38231,18938
4470,4471
38201,4973
37180,8781
36774,7713
36649,8475
15563,4155
32916,38170
23819,27812
4467,4468
4469,4470
4473,37003
4476,12099
4478,17738
6307,6308
4969,35059
4971,38201
4973,8255
8255,37174
4976,4977
5035,27240
26634,38338
29643,26084
33399,5758
5768,5769
28336,8488
6394,6395
6275,6276
15280,6313
6386,6387
6395,38313
6770,6771
6771,6772
6773,6774
6774,6775
6775,6776
6777,6778
6778,6782
6782,6785
6779,6780
6780,6781
6786,6787
6787,6788
6788,6789
6794,6795
7705,7706
7706,38170
7708,37407
7710,38259
28624,7913
8451,35290
8454,8455
8478,8479
8707,22755
8787,8788
8876,8877
8881,8882
27094,38334
25941,33848
9423,38313
31481,35519
9934,9935
11724,11723
11977,11978
23180,23181
37938,22289
13570,13569
13572,13573
13862,13863
14717,14718
14818,14819
17547,14821
15573,15574
16271,29923
16640,27825
16644,38290
17701,37270
37206,37207
20785,20786
20899,20900
21258,34964
21691,21692
21698,21699
21699,21700
21701,21702
22322,22323
22328,22329
23238,38287
34852,34853
25137,25138
25139,25140
32513,38344
25144,25145
25203,25204
25494,28830
26084,26085
36970,36445
26314,26315
27184,27185
27258,27259
27813,27814
27814,27815
27816,27817
27920,38165
27922,27923
28423,36085
28519,28520
28541,28542
35274,32653
28925,28926
29535,29536
30286,30287
30764,30765
30770,38338
30778,30779
30779,30780
34836,34837
36614,35202
31560,31561
32384,38344
32715,32716
33019,33020
33278,33279
33751,33752
34830,38344
34833,38313
34850,34851
35103,35104
35490,35491
35496,35497
35497,35498
35500,35501
36687,38165
36858,38290
37050,37051
37173,37174
37176,38287
37202,37203
37208,37209
37926,37927
37931,37932
37932,37933
37936,38344
