35170,5864
35170,23060
35170,26534
35170,33642
35170,35150
35170,35177
35138,33745
35176,30896
34899,17815
35154,4554
35154,28521
35154,33948
35154,34103
34719,20133
34719,25577
35139,25574
35139,34719
32803,26325
35076,7314
35150,15399
35150,35154
35177,5064
35177,20680
453,35150
9737,463
474,475
34816,30287
655,656
675,676
34308,31175
33737,29737
12478,12472
33620,8076
33119,24896
2162,2557
30637,35177
24777,34845
2741,2742
35137,17450
4263,4264
35107,4708
34109,8312
14325,3960
30068,35076
21835,25478
4260,4261
4262,4263
4266,33946
4269,11245
4271,16290
18610,18611
4704,32123
4706,35107
4708,7870
7870,34103
4711,4712
4770,24920
33745,7319
24372,35150
27106,23928
30532,5536
5546,5547
25960,8089
6126,6127
6062,6063
6118,6119
6127,35177
6474,6475
6475,6476
6477,6478
6478,6479
6479,6480
6481,6482
6482,6486
6486,6489
6483,6484
6484,6485
6490,6491
6491,6492
6492,6493
6498,6499
7311,7312
7312,35076
7314,34308
7316,35138
26220,7542
8052,32310
8055,8056
8079,8080
8266,20835
8318,8319
8407,8408
8412,8413
23799,20287
28775,32539
9315,9316
10898,10897
11123,11124
11711,35151
21274,21275
12477,12476
12479,12480
12771,12772
13598,13599
13685,13686
16099,13688
18615,18616
14335,14336
14935,27376
15276,25491
15280,35154
16253,34171
32294,16719
17272,35177
34135,34136
19025,19026
19088,19089
19433,32042
19824,19825
19831,19832
19832,19833
19834,19835
20415,20416
20421,20422
31930,31931
23054,23055
23056,23057
23058,35170
23061,23062
23120,23121
23397,26384
23928,23929
33913,33431
24119,24120
24938,24939
25479,25480
25480,25481
25482,25483
25558,35071
25560,25561
26047,33093
26151,26152
26465,26466
27005,27006
27678,27679
28128,28129
28134,35150
28142,28143
28143,28144
31914,31915
33585,34639
28854,28855
29608,35170
29909,29910
30166,30167
30425,30426
30854,30855
31908,35170
31911,35177
31928,31929
32510,32511
32516,32517
32517,32518
32520,32521
33658,35071
33815,35154
34102,34103
34105,35151
34131,34132
34137,34138
34832,34833
34837,34838
34838,34839
34842,35170
