32627,16899
32627,22708
32627,27476
32627,31524
29764,29713
32664,18381
32664,21537
32664,31434
32664,31794
32664,32539
32439,27023
32538,16534
32512,25177
32512,32627
32488,27019
32663,17471
32486,17946
32438,26205
32182,15470
22709,22710
27023,27024
32611,7694
32611,27854
31484,27143
32539,9352
32539,19009
31848,21252
32440,27851
32440,32611
31469,31470
32225,24602
2570,32539
2578,2579
31898,8195
27473,27474
2997,2998
3094,22783
3114,3115
3822,3823
20801,3828
15534,15535
4312,4313
4318,32512
4326,4327
4327,4328
21803,13751
25779,25780
4666,4667
4833,4834
5578,28418
19198,19199
23743,23744
31557,32488
8129,8128
25582,32233
8366,9754
8435,8436
16210,8769
8774,8773
8776,8777
9797,9798
31807,32295
10730,10731
10818,10819
10825,10826
10826,10827
10828,10829
11651,32664
13796,11711
30850,12456
12518,22698
21250,21248
13727,29576
13730,13731
13754,13755
22948,13764
15529,27329
14299,14300
14676,14677
15031,15032
15531,15532
15533,15534
15537,28496
15540,15541
15542,15543
15967,15968
16491,17634
16608,16609
17467,20695
17469,32663
17471,29398
29398,31524
17474,17475
17607,25804
27718,27719
18375,18376
18377,18378
18379,32664
18382,18383
18579,18580
18858,18859
18888,32597
19196,19197
20402,20403
20412,20422
21258,21259
21400,21401
21406,21407
22646,22647
21760,21761
21766,21767
21767,21768
21770,21771
21869,21870
22008,22009
22009,22010
22011,22012
22012,22013
22013,22014
22015,22016
22016,22020
22020,22023
22017,22018
22018,22019
22024,22025
22025,22026
22026,22027
22032,22033
22493,32627
22638,22639
22647,32539
22710,22711
27227,25201
23120,23121
23759,23760
23737,32664
23740,32539
23757,23758
30260,32512
23985,23986
24608,24609
24801,27342
24805,32627
25970,32450
27016,27017
27017,32488
27019,32486
27021,32439
27330,27331
27331,27332
27333,27334
27464,32512
27485,27486
27835,32450
27837,27838
28319,31593
28335,31524
28338,32597
28364,28365
28886,28369
28370,28371
29870,29869
30590,30591
31293,31294
31387,31388
31392,31393
31393,31394
31397,32664
31797,31798
31802,31803
31855,31856
