28364,14636
28364,23731
28364,27323
25796,21577
28401,18644
28401,21271
28401,27593
28401,28276
28271,23340
28275,14333
28259,28364
27749,23336
28400,15217
27689,15674
23922,22674
27932,13363
23340,23341
28348,24069
28276,16619
27631,19179
27283,23444
27937,24066
27937,28348
27268,28150
27975,27236
2084,2085
19418,7094
23728,23729
2503,2504
2609,19699
2629,2630
3297,3298
3302,3303
3680,3681
3686,28259
3694,3695
3695,3696
22287,22288
16915,16909
4023,4024
4152,4153
18889,11860
4744,24600
16808,16809
20494,20495
6445,6446
6452,6453
6453,6454
6455,6456
7057,7056
22170,27983
7329,7330
13427,13428
7717,7718
7723,7724
8531,8532
9314,9315
9675,28276
10044,28401
11905,10087
10724,27805
18426,18424
11836,17862
11839,11840
11863,11864
19864,11873
13422,23614
12365,12366
12678,12679
13003,13004
15218,27323
13424,13425
13426,13427
13430,24661
13433,13434
13435,13436
13853,13854
14290,15380
14359,14360
15213,18063
15215,28400
15217,15218
15220,15221
15353,15354
23950,23951
16251,16252
16496,16497
16526,28334
16806,16807
16914,16913
16916,16917
17876,17877
17886,20159
18434,18435
19616,19617
18846,18847
18852,18853
18853,18854
18856,18857
19077,19078
19078,19079
19080,19081
19081,19082
19082,19083
19084,19085
19085,19089
19089,19092
19086,19087
19087,19088
19093,19094
19094,19095
19095,19096
19101,19102
19512,28364
19608,19609
19617,28276
23528,21824
20001,20002
20488,28401
20491,28276
20508,20509
20510,20511
27606,28234
26195,28259
21492,23627
21496,28364
22483,28181
23333,23334
23334,27749
23336,27689
23338,28271
23615,23616
23616,23617
23618,23619
23719,28259
23740,23741
24050,28181
24052,24053
24488,27392
24504,27323
24507,28334
24533,24534
25029,24538
24539,24540
26492,26493
27127,27128
27188,27189
27193,27194
27194,27195
27198,28401
27242,27243
27596,27597
27601,27602
27638,27639
