26780,13721
26780,22266
26780,25668
24208,25362
26817,17518
26817,20052
26817,25938
26817,26692
26687,21880
26691,13436
26675,26780
26311,21876
26034,14721
26348,26349
26136,12515
26764,22604
11872,11866
26692,15619
25976,18053
21880,21881
23392,22601
23392,26764
1971,1972
18274,6616
22263,22264
2372,2373
2431,18555
2451,2452
3098,3099
3103,3104
3445,3446
3451,26675
3459,3460
3460,3461
20937,20938
3759,3760
3888,3889
17763,11050
4480,23117
13925,13926
6018,6019
6025,6026
6026,6027
6028,6029
6579,6578
20838,26389
6851,6852
12579,12580
7234,7235
7240,7241
8012,8013
25598,25599
9047,26692
9380,26817
11095,9423
10014,26132
17300,17298
11026,16772
11029,11030
11053,11054
18702,11063
12574,22136
11532,11533
19430,26675
11871,11870
11873,11874
12190,12191
12576,12577
12578,12579
12582,23178
12585,12586
12587,12588
13393,14427
13462,13463
13919,26817
13922,26692
13939,13940
13941,13942
14400,14401
22485,22486
15281,15282
15496,15497
15526,26750
16786,16787
16796,16806
17308,17309
18472,18473
17720,17721
17726,17727
17727,17728
17730,17731
17951,17952
17952,17953
17954,17955
17955,17956
17956,17957
17958,17959
17959,17963
17963,17966
17960,17961
17961,17962
17967,17968
17968,17969
17969,17970
17975,17976
18368,26780
18464,18465
18473,26692
18880,18881
25951,25952
20233,22149
20237,26780
21162,26593
21873,21874
21874,26311
21876,26034
21878,26687
22137,22138
22138,22139
22140,22141
22254,26675
22275,22276
22585,26593
22587,22588
23005,25737
23021,25668
23024,26750
23050,23051
26279,23055
23056,23057
24858,24859
25551,25552
25556,25557
25557,25558
25561,26817
25605,25606
25941,25942
25946,25947
25983,25984
