111601,48137
111601,108950
111516,87134
111516,103961
111516,104459
111516,105525
111524,5669
111524,19168
111524,45088
111524,49322
111524,57771
111524,72223
111524,77377
111524,78061
111524,109911
111524,110701
111524,111474
111524,111516
111524,111535
111524,111601
111524,111609
110297,111116
111606,99293
111511,111481
111474,11636
111474,111516
111474,111524
110784,79265
110256,110756
111587,111116
111212,73753
111607,73756
111607,98446
111607,110886
111607,111524
111609,29594
111609,108242
111609,111524
111116,111332
106353,109168
109911,109912
110701,107460
111332,111116
111407,67635
111407,109556
111210,67140
111427,87397
109604,36443
110869,32105
110886,107044
110886,110915
111357,102292
110527,105079
111510,61859
109556,99823
96088,72472
109287,111609
109986,109987
107280,111407
109897,108499
87576,82882
59940,111510
106373,92255
110050,111516
110050,111524
4138,111587
104310,63290
102543,111116
98961,106169
56484,5456
57797,5464
109648,84200
99560,97306
109565,45350
68827,111274
110915,108242
42300,42301
103961,103962
23926,111516
98230,98231
98230,105095
30018,30019
97466,97467
77221,111321
11407,103238
98575,34708
104759,109199
13021,13022
109172,111524
34706,98575
20454,111535
41334,108698
98491,57420
108979,96058
15905,15906
88898,109809
17179,17177
91395,79738
99293,18196
44032,98575
18287,18288
68277,18664
105406,105407
103731,95811
20373,23319
20375,108242
20377,28882
20380,20381
20512,20513
20518,111474
20526,20527
20527,20528
22571,109501
23026,100683
23366,23367
43278,36456
24326,111145
24411,24412
26671,26672
26815,102737
32098,111407
28711,108378
28713,28714
29301,29302
49480,29342
29549,29550
32032,101658
32102,111601
109945,111349
34165,110376
106569,106570
36419,111274
36422,36423
36446,36447
97307,97311
41657,41658
102746,42367
107863,110784
44035,44036
97691,54849
106274,111086
47077,88275
46492,46493
92716,111524
47167,47168
47170,111524
47555,47556
47824,111524
49207,49208
49239,49240
49322,49323
49994,94859
58850,111516
51044,51045
51574,103961
51576,111274
52361,111535
52745,111587
52771,105795
67052,52776
52777,52778
53453,53454
54320,54321
72472,72473
104182,111524
59293,59294
67347,59931
59935,59936
60169,104267
60342,60341
61112,61113
67228,67229
68726,75515
75515,68728
69023,88767
69029,69030
99197,111516
71479,71480
71481,71482
77505,111524
71486,71487
72746,111516
97461,97462
74482,74397
74447,97583
75200,75201
78532,87139
79736,91395
79740,79741
80098,80099
81803,87367
81809,81810
81813,111524
82250,111524
83980,83981
84383,84384
84526,84527
84733,84734
105411,105412
85681,85682
105082,111474
87077,87078
108043,108041
88530,104894
90072,90082
90400,94128
91135,111516
91172,91173
92218,110212
108198,108199
92706,99293
92719,111609
105859,92723
92736,92737
101020,92739
93029,102944
93063,111587
95587,109485
95900,95901
96171,111516
99297,111535
107061,107062
108543,102989
103197,111609
103457,108173
103679,103680
103957,108981
104827,104828
105408,105409
105410,105411
105414,105415
105419,105420
107052,111474
107073,107074
107473,107474
108174,108175
108177,108178
108178,108179
108179,108180
108181,108182
108182,108186
108186,108189
108183,108184
108184,108185
108190,108191
108191,108192
108192,108193
109075,109076
109576,109577
110405,111516
