99231,28030
99231,98106
99231,98977
99179,78195
99179,92666
99179,93121
99179,93935
99187,4992
99187,17450
99187,40673
99187,44620
99187,52253
99187,64484
99187,65053
99187,70234
99187,93402
99187,96246
99187,98970
99187,99140
99187,99179
99187,99195
99187,99231
99187,99258
98139,97841
99255,88769
99174,99147
99140,10487
99140,99179
99140,99187
99244,97841
98912,66371
99256,66374
99256,88069
99256,98629
99256,99187
99258,26875
99258,94333
99258,99187
94692,71825
98970,95651
99031,97841
99104,60912
99104,97493
83177,73365
98910,60425
99110,78409
96006,33008
98106,29069
98629,97649
98629,98658
98098,98498
97493,89239
98307,93686
1686,1687
77475,41983
97250,99258
94568,2584
95461,99104
3114,21155
3116,94333
3118,31960
3121,3122
54201,99173
82644,82643
3660,99244
85308,57022
97860,97861
99173,55708
97782,96467
99078,45141
89025,87036
97502,40928
62028,98961
65286,65287
94813,97841
99060,91272
98658,94333
38358,38359
92666,92667
27243,27244
88490,94511
87168,87169
69415,99020
10262,92065
10266,99179
88193,31382
93402,97155
97128,99187
18632,99195
30774,96665
13193,88769
88769,16575
87865,86774
87865,87866
51937,51935
96951,85906
14541,45265
15654,15652
39806,88193
16645,16646
61571,17004
90791,92052
92477,85697
81904,71730
18686,18687
18692,99140
18700,18701
18701,18702
20490,97445
21199,21200
92853,99187
39183,33021
22048,98350
22825,22826
79686,91637
23606,23607
23760,96383
23762,23763
24213,24214
29062,99104
44768,26651
27654,78213
28990,90681
29066,99231
97827,97828
30874,30875
31380,88193
94909,94910
32984,98961
32987,32988
33011,33012
87037,87041
36890,36891
37752,37753
37947,37948
39266,39267
95970,98545
39809,39810
42546,79141
83073,99187
42630,42631
42633,99187
42988,42989
43956,43957
44495,91625
44538,44539
44620,44621
45295,84845
53259,99179
46695,92666
46697,98961
47331,99195
47670,99244
47696,91062
60337,47701
47702,47703
48299,48300
49082,82393
49102,49103
98515,98516
65287,65288
98523,98524
53687,53688
60657,54192
54196,54197
54410,92938
94616,98816
60513,60514
61939,61940
61940,61941
62238,72932
62244,62245
65205,99179
64478,64479
64480,64481
69643,99187
64485,64486
65497,99179
87163,87164
66357,66358
66714,97954
66836,66837
66896,87282
67541,67542
69882,87861
70595,78197
71728,81904
71732,71733
72025,72026
73542,78379
73548,73549
73552,99187
73892,99187
75325,75326
75939,75940
90796,90797
76716,87144
76851,76852
91294,99140
96093,96091
79131,79132
79324,93518
80696,80706
81049,81050
81687,99179
81707,81706
81751,81752
82609,98057
82611,92519
96211,96212
83076,99258
94234,83080
83093,83094
90212,83096
83350,91818
83384,99244
85430,97426
86035,99179
88773,99195
95288,95289
90793,90794
90795,90796
90799,90800
90804,90805
96502,91857
92017,99258
92261,96186
92449,92450
92662,96953
92965,92966
93454,93455
93653,93654
95279,99140
95300,95301
95664,95665
96187,96188
96190,96191
96191,96192
96192,96193
96194,96195
96195,96199
96199,96202
96196,96197
96197,96198
96203,96204
96204,96205
96205,96206
97042,97043
97513,97514
98222,99179
