88583,79326
88523,4500
88523,15825
88523,36673
88523,40197
88523,46856
88523,57740
88523,62894
88523,83282
88523,85926
88523,87387
88523,88216
88523,88320
88523,88481
88523,88515
88523,88531
88523,88563
88523,88586
88563,25519
88563,87609
88563,88327
88510,88488
88481,9628
88481,88515
88515,82577
88515,83705
88277,59409
88584,59412
88584,78701
88584,88038
88584,88523
88586,24526
88586,83071
88586,88523
88576,87396
88320,85397
88381,87396
73586,44610
88275,54057
88186,54522
88186,87137
85660,48464
88038,87286
88038,88067
87601,87962
83071,2813
87137,79736
1490,1491
87783,83538
69074,37826
58904,58905
84674,26331
83702,88586
84261,2313
85127,88186
2809,19211
2811,83071
2813,29079
2816,2817
69854,55621
3294,88576
75988,51103
87411,87412
88509,49944
23433,88186
4029,88563
87609,4032
84207,45798
77238,73707
79473,77640
87146,36909
55611,88311
88067,83071
5416,5417
58470,58471
88409,81478
86382,87396
34575,34576
82577,82578
79097,84196
77772,77773
62146,88370
8899,8900
9199,82335
9420,82108
9424,88515
54102,70511
71625,28422
81500,88481
33853,86424
78464,77394
78464,78465
46548,46546
86690,76544
13184,13185
13849,48565
48565,88509
14112,14110
79326,14977
35946,71625
15035,15036
55237,15401
82424,76343
76777,88531
16909,16910
16915,88481
16923,16924
16924,16925
19255,19256
82748,88523
20737,20738
21442,21443
23878,23879
23882,23883
23883,86056
23885,23886
77767,77768
40329,24328
24820,24821
79657,82095
25198,69838
26337,80993
87386,87387
27916,27917
28420,71625
65794,86089
57769,57770
77641,77645
33330,33331
84395,83532
34157,34158
69673,48477
35405,35406
35949,35950
38387,70651
86301,88523
38473,38474
38476,88523
38749,38750
39045,88515
39585,39586
40115,40116
40197,40198
40778,75592
47776,88515
41395,70968
41963,82577
41965,88311
42482,88531
42772,88576
42798,65563
53969,42803
42804,42805
42817,42818
44076,44077
44096,44097
45138,77748
58471,58472
47098,47099
47090,47091
48440,88311
48443,48444
48467,48468
54282,48556
48560,48561
51155,51156
84329,88181
54145,54146
55526,55527
55527,55528
55529,55530
55856,65210
55862,55863
57734,57735
57736,57737
62334,88523
57741,57742
58406,88515
58901,58902
58903,58904
58907,58908
58912,58913
59395,59396
59720,85014
59826,59827
59886,77878
60495,60496
62549,78460
63199,69817
64072,64073
64078,73122
73122,64080
64082,64083
83282,86865
64363,64364
65782,69982
65788,65789
65792,88523
66113,88523
67365,67366
68625,68626
70641,70642
70805,84686
72057,72067
72916,88515
72936,72935
72983,72984
73712,87558
73714,73715
85864,85865
74252,81884
74282,88576
76090,87086
76649,88515
79330,88531
84974,84975
86323,86324
81664,81665
81910,81911
82077,88586
82410,82411
82573,86692
82860,82861
83326,83327
83509,83510
86307,86308
84965,88481
84986,84987
85296,85297
85410,85411
85755,85753
85840,85841
85843,85844
85844,85845
85845,85846
85847,85848
85848,85852
85852,85855
85849,85850
85850,85851
85856,85857
85857,85858
85858,85859
86304,88586
86321,86322
86768,86769
87157,87158
87661,87662
87713,88515
87833,87834
