79325,14139
79325,33239
79325,36389
79325,42268
79325,51989
79325,75896
79325,78379
79325,79184
79325,79234
79325,79303
79325,79317
79325,79361
79361,22857
79361,78573
79361,79167
78817,46142
79312,76205
79303,8569
79303,79317
79317,74031
79317,75031
79317,76137
79342,53478
79185,53481
79185,70580
79185,78939
79184,8452
79184,21950
79184,74440
79184,79325
79374,78388
79223,76525
79340,48703
79062,3536
79062,78162
76737,43709
78939,78291
78939,78968
78565,78837
74440,2508
78162,71484
1283,1284
78712,73855
63041,24738
61365,61366
75864,23620
75028,79184
75483,2054
76265,79062
2504,17259
2506,74440
2508,26199
2511,2512
43810,79311
51268,50071
2923,79374
78403,78404
79311,44993
20914,79062
3536,78162
3538,79361
78573,3541
75439,45738
69199,66113
74842,69589
78171,33455
52647,52648
79231,73048
78968,74440
75738,78388
31328,31329
74031,74032
69706,69707
55894,79210
7921,7922
8161,73846
8381,73669
8385,79317
64297,25549
9352,9353
68128,46025
73070,79303
43721,43722
10366,77457
70364,69355
70364,70365
42005,42003
70923,75428
11689,11690
12543,12541
62171,47951
46142,13328
32612,64297
13381,13382
49736,13738
13745,13746
73925,68458
63957,79234
15166,15167
15172,79303
15180,15181
15181,15182
74146,79325
17303,17304
18675,18676
77753,68644
19243,19244
21381,21382
21385,21386
21386,77088
21388,21389
69701,69702
36523,21772
22208,22209
23587,62688
23626,43145
76666,49980
78378,78379
25058,25059
48748,63339
25547,64297
59207,77111
52018,52019
69590,69594
36391,36392
30057,30058
75614,72986
30840,30841
30990,30991
32111,32112
32254,32255
32615,32616
33480,33481
77316,79325
34858,34859
34861,79325
35339,79317
35783,35784
36312,36313
36389,36390
36849,67796
43107,79317
37253,75871
37469,63672
37927,74031
37929,79151
38357,79234
38618,75031
38621,79374
38647,59016
48615,38652
38653,38654
38666,38667
39787,72798
39807,39808
40790,69682
52648,52649
42013,42014
42493,42494
42485,42486
43685,79151
43688,43689
43712,43713
48913,43801
43805,43806
46084,46085
55159,46635
75548,77693
47817,76983
49986,49987
49987,49988
49989,49990
51983,51984
51985,51986
56077,79325
51990,51991
52602,79317
52757,52758
53464,53465
53822,53823
53885,69807
54375,54376
56278,70360
57591,57592
57597,65633
65633,57599
57601,57602
57844,57845
59195,62851
59200,59201
59201,59202
59205,79325
59497,79325
60599,60600
61175,61176
71415,73656
61362,61363
61364,61365
61368,61369
61371,61372
61373,61374
61726,61727
64695,64705
65464,79317
65484,65483
66118,78537
66120,66121
76917,76918
66576,66577
66606,79374
66689,66690
66695,66696
68215,78134
68739,79317
71120,79234
76134,76135
77338,77339
73267,73268
73496,73497
73638,79184
73658,73659
73660,73661
74027,77755
74258,74259
74690,74691
74871,74872
77322,77323
76125,79303
76146,76147
76424,76425
76538,76539
76893,76894
76894,76895
76896,76897
76897,76898
76898,76899
76900,76901
76901,76905
76905,76908
76902,76903
76903,76904
76909,76910
76910,76911
76911,76912
77319,79184
77336,77337
77839,77840
78182,78183
78657,79317
78745,78746
