71253,30727
71253,71205
71259,8720
71259,10561
71259,11065
71259,24470
71259,52683
71259,58056
71259,67613
71259,70265
71259,71188
71259,71205
71259,71228
71259,71253
71188,12720
71188,66548
71188,69668
71227,62185
69668,14332
71104,56924
71205,8630
71205,68494
71205,68648
71205,68897
71144,14327
71144,70988
71277,39646
71277,50760
71277,70656
71134,50757
71134,71277
71202,70373
69927,61549
67947,59607
71228,9633
71228,30545
71228,40590
71228,71082
70977,67153
71132,40508
56854,66649
14614,14615
50949,50950
70819,58953
1241,23005
71249,63354
1460,27570
1480,1481
70988,43345
68141,70373
70656,47837
70656,69779
68835,61811
67524,26338
4315,37193
66152,71228
4814,4815
9898,71253
5223,5224
71085,71144
5721,5722
68414,67204
58153,20646
14325,71144
56002,56003
71082,55510
68903,16350
6733,63946
69779,71082
7330,7331
61111,7438
11527,11528
36756,21414
59325,8760
9038,49801
25397,9794
9799,67876
9801,68325
55500,22562
10283,10284
10287,10288
10288,70019
10290,10291
66688,10455
10465,10466
10561,10562
37642,10564
47347,62405
69532,69533
11488,11489
27851,11533
11610,71205
66324,26351
66415,49777
12892,69503
61440,71205
14324,14325
14327,70988
14329,71188
14414,14415
67640,24005
14815,70422
55511,68897
15430,66560
69811,36857
38534,32996
16356,46677
28628,28629
57716,69705
32179,71046
17402,71228
19948,59753
53773,47622
21379,71205
21818,21819
68648,53067
32292,32293
22560,55500
23067,71202
23180,42123
23662,23663
41851,41852
70584,55043
33797,33798
25240,25241
62185,49654
26314,70937
26317,26318
26341,26342
26907,26908
56391,26910
36858,36862
59112,70821
28532,28533
28604,28605
28605,28606
28607,28608
28608,28609
28609,28610
28611,28612
28612,28616
28616,28619
28613,28614
28614,28615
28620,28621
28621,28622
28622,28623
30461,50558
30465,71205
35191,31130
31134,31135
49369,71249
55997,55998
32285,32286
32291,32292
32295,32296
32498,70765
33720,71205
68929,68930
68070,69545
35241,35242
35583,35584
35765,35766
70867,66432
37834,37835
38132,38133
38435,64222
61120,39315
39321,39322
39322,39323
39324,39325
39872,39873
40260,68858
40266,40267
40795,40796
41638,60431
42113,71046
65502,71259
44910,44911
49676,55500
46306,46307
47257,47255
47622,47623
49286,51453
49819,49820
49962,49963
50546,50547
50547,50548
50549,50550
50741,71046
50743,50744
51994,51995
52077,52572
68703,62052
52552,52553
53062,64735
54459,54460
55506,64426
55508,71082
55510,55511
55513,55514
55660,71205
55824,55825
55830,71253
55838,55839
55839,55840
55999,56000
56001,56002
56005,68461
56008,56009
56010,56011
63988,63989
68491,68492
57880,57881
58050,58051
58052,58053
59553,71259
58057,58058
59055,67538
59994,68204
60656,60657
61210,61211
62135,69090
62222,62223
63982,71259
63985,71228
64002,64003
66171,64005
64089,71259
64470,64471
66295,66296
66347,66348
66426,66427
66978,66979
67677,71046
68482,71253
68503,68504
68647,68648
68649,70937
68896,68897
68899,71202
68925,70018
68931,68932
69524,69525
69533,71228
70306,70305
70572,70573
70577,70578
70578,70579
70582,71259
