64540,27977
64540,64492
64546,7874
64546,10052
64546,22389
64546,48089
64546,52688
64546,53720
64546,61371
64546,63623
64546,64492
64546,64515
64546,64540
64448,12455
64448,63080
64448,64111
63080,13065
64514,56407
64385,54216
64492,7784
64492,51967
64492,62059
64492,62430
64425,13060
64425,61585
64564,46398
64564,58046
215,64546
61596,54148
64515,8751
64515,27841
64515,36894
64515,63835
64260,60964
64413,36812
13316,13317
64489,63688
46558,46559
62186,53547
948,64540
43466,958
969,970
64224,55845
64536,57433
1325,19274
1345,1346
61585,39324
64415,46395
64415,64564
61769,63688
64364,54139
64364,63158
58812,64515
62377,59120
3836,33689
61306,24119
4361,4362
8997,64540
4709,4710
54993,64425
5130,5131
62024,61015
52785,18801
13058,64425
51131,51132
63835,8062
62436,14878
6049,58033
63158,63835
6625,6626
46606,6707
10470,10471
33263,19544
53886,7925
8058,58487
8060,63835
8062,13943
13943,62430
8065,8066
8210,45398
23194,8907
8912,61525
8914,61952
50705,20627
9356,9357
9360,9361
9361,61772
9363,9364
55723,9526
9536,9537
43064,56576
10675,10676
51813,60509
10438,10439
25438,10476
10546,64492
10667,10668
10676,64515
60215,24132
60292,45374
11768,62971
55743,64492
13057,13058
13060,61585
13062,64448
58809,17887
13488,13489
14051,60417
58771,33364
14884,42436
26066,26067
52377,63592
29237,64313
15875,64515
17991,17990
18300,54302
19943,19944
51967,48466
29350,29351
20625,50705
21037,21068
21197,38305
38054,38055
63886,50282
23074,23075
49120,43295
24095,64182
24098,24099
24122,24123
24525,64489
24654,24655
51440,24657
53692,63388
25984,25985
26042,26043
26043,26044
26045,26046
26046,26047
26047,26048
26049,26050
26050,26054
26054,26057
26051,26052
26052,26053
26058,26059
26059,26060
26060,26061
27200,54862
27764,46209
27768,64492
31934,28326
28330,28331
44976,64536
29343,29344
29349,29350
29353,29354
29566,64064
51126,51127
30616,64492
62462,62463
31960,31961
32243,32244
33365,33369
64155,60309
53722,53723
34286,34287
34598,34599
34901,58301
55471,35634
35640,35641
35641,35642
35643,35644
36170,36171
36564,62400
36570,36571
37088,37089
38295,64313
59514,64546
40745,40746
58094,58095
45280,50705
42124,42125
42981,42979
43295,43296
43683,43684
44893,46950
56407,45258
45416,45417
45604,45605
46197,46198
46198,46199
46200,46201
46379,64313
46381,46382
47255,61133
47419,47420
47510,47978
62245,56288
47958,47959
48461,58783
50219,50220
50869,64492
50981,50982
50987,64540
50995,50996
50996,50997
51128,51129
51130,51131
51134,62057
51137,51138
51139,51140
58078,58079
52518,52519
52682,52683
52684,52685
54109,64546
52689,52690
53635,61320
53720,53721
53723,53724
54509,61825
55066,55067
55510,55511
56357,56891
56444,56445
58072,64546
58075,64515
58092,58093
58531,58532
60150,60151
60193,60194
60303,60304
61409,64313
62133,62134
62429,62430
62432,64489
62458,62459
62464,62465
63874,63875
63879,63880
63880,63881
63884,64546
