58602,9408
58602,20511
58602,37789
58602,43582
58602,48643
58602,55794
58602,57709
58602,58548
58602,58571
58602,58596
58504,11594
58504,56815
58504,58189
56815,12121
58570,51141
58441,49112
58596,25489
58596,58548
58548,7345
58548,47005
58548,56411
58548,56746
58481,12116
58620,42110
58620,52698
163,58602
55985,49052
58571,8241
58571,25369
58571,33671
58571,57915
58469,28823
12385,12386
58471,42107
58471,58620
58545,57899
56532,48483
483,484
487,488
488,52012
490,491
860,58596
15827,870
881,882
57417,50628
58592,52141
1188,17781
1208,1209
54733,35849
13228,8389
58411,30751
58411,57304
56699,53679
3585,30697
55729,13275
50746,58571
4080,4081
8479,58596
4400,4401
49860,58481
4722,4723
56376,55415
47772,17317
12114,58481
6865,6866
57915,7622
56752,13757
5631,52685
57304,57915
46867,54936
6201,6202
37518,6270
35758,41948
6862,6863
6864,6865
6868,56409
6871,18517
6873,27013
9732,9733
47798,57899
48812,7501
7618,53139
7620,57915
7622,12947
12947,56746
7625,7626
7733,41152
8394,55932
8396,56321
43506,19019
50530,8962
8972,8973
39148,51302
9917,9918
9700,9701
23282,9738
9909,9910
9918,58571
54675,13288
54742,41128
10917,57167
50550,58548
12113,12114
12116,54733
12118,58504
53371,16479
12525,12526
13251,58236
13254,13255
13278,13279
53333,30391
13763,38593
23857,23858
29086,13907
13911,13912
40814,58592
14609,58571
16583,16582
18364,18365
47005,43943
26753,26754
19017,43506
19404,19405
19563,34961
34727,34728
57966,33276
21145,21146
44529,39355
22466,58545
22587,22588
46499,22590
48623,57483
23775,23776
23833,23834
23834,23835
23836,23837
23837,23838
23838,23839
23840,23841
23841,23845
23845,23848
23842,23843
23843,23844
23849,23850
23850,23851
23851,23852
24792,49757
25292,41961
25296,58548
26746,26747
26752,26753
26756,26757
26953,56940
27919,58548
56778,56779
29112,29113
30392,30396
30741,54759
48645,48646
31256,31257
31572,31573
31868,52957
50312,32549
32555,32556
32556,32557
32558,32559
33371,56724
33377,33378
33850,33851
34951,58360
54018,58602
37101,37102
52766,52767
37783,37784
37785,37786
49027,58602
37790,37791
37855,37856
41034,43506
38283,38284
38332,48657
39355,39356
39605,39606
51141,41012
41170,41171
41342,41343
41949,41950
41950,41951
41952,41953
42091,58360
42093,42094
42815,55517
42944,42945
43027,43471
53343,51030
43451,43452
43938,53345
44345,44346
45487,45488
46169,46170
46175,58596
46183,46184
46184,46185
52750,52751
55694,57678
47522,47523
48566,55743
48643,48644
48646,48647
49392,56202
49928,49929
50332,50333
51099,51587
51178,51179
52744,58602
52747,58571
52764,52765
53183,53184
54661,54662
54753,54754
55832,58360
56181,58548
56479,56480
56745,56746
56748,58545
56774,56775
56780,56781
57954,57955
57959,57960
57960,57961
57964,58602
