53842,10557
53842,51443
53842,53547
53940,8617
53940,18697
53940,34730
53940,40119
53940,44801
53940,51253
53940,53087
53940,53886
53940,53909
53940,53934
51443,11057
53886,6655
53886,43336
53886,51846
53886,52153
53908,47074
53934,23263
53934,53886
53909,7474
53909,30984
53909,52948
53272,46609
53807,26387
11271,11272
53958,38718
53958,48529
53809,38715
53809,53958
53883,53268
50298,44028
53819,11052
362,363
366,367
367,47890
369,370
712,53934
14387,722
733,734
995,36205
1015,1016
50367,26071
51435,45183
11996,7622
53388,28223
53388,52718
52106,49424
3210,3742
51188,12043
46709,53909
7712,53934
3955,3956
45891,53819
11050,53819
6202,6203
52948,6914
52159,12458
52718,52948
43198,50521
5665,5666
34468,5734
32885,38565
6199,6200
6201,6202
6205,51844
6208,16789
6210,24697
8900,8901
39182,53268
44943,6811
6910,48931
6912,52948
6914,11760
11760,52153
6917,6918
7021,37861
7627,51382
7629,51749
40042,17298
46511,8177
8187,8188
33645,12056
35958,47237
9075,9076
8868,8869
21264,8906
9067,9068
9076,53909
39610,15021
9952,52579
46531,53886
11049,11050
11052,50367
11054,53842
12019,53585
12022,12023
12046,12047
49113,27881
12464,35465
21793,21794
26593,12608
12612,12613
37541,53930
13230,53909
50376,37837
15125,15124
16654,16655
43336,40463
24392,24393
17296,40042
17628,17629
31970,31971
53323,30624
51811,50901
19317,19318
41050,36147
20499,53883
20622,20623
24470,20625
44781,52205
21720,21721
21769,21770
21770,21771
21772,21773
21773,21774
21774,21775
21776,21777
21777,21781
21781,21784
21778,21779
21779,21780
21785,21786
21786,21787
21787,21788
22591,45815
23074,38578
23078,53886
24385,24386
24391,24392
24395,24396
24637,52361
52185,52186
26619,26620
27882,27886
44803,44804
28726,28727
28789,28790
29291,48770
46311,29939
29945,29946
29946,29947
29948,29949
30693,52131
30699,30700
31157,31158
32146,53709
34114,34115
48597,48598
34724,34725
34726,34727
45158,53940
34731,34732
34790,34791
37743,40042
35172,35173
35221,44815
36147,36148
36399,36400
47074,37721
37879,37880
38566,38567
38567,38568
38569,38570
38699,53709
38701,38702
39343,50350
39469,39470
39518,39519
49123,46963
39986,39987
40458,49125
40866,40867
41703,41704
42000,42001
42596,42597
42602,53934
42610,42611
42611,42612
48581,48582
51153,53056
43832,43833
44724,51202
44801,44802
44804,44805
45021,53940
45504,45505
45948,45949
46318,46319
47032,47486
47111,47112
48575,53940
48578,53909
48595,48596
48975,48976
50327,50328
51282,53709
51607,53886
51914,51915
52152,52153
52155,53883
52181,52182
52187,52188
53311,53312
53316,53317
53317,53318
53321,53940
